import DaveyThesis2024.AsymSecCertificate.Common

/-!
# AsymSecCertificate Block 8 (SDPA block 455, dim 10)

Auto-generated. Do NOT edit by hand.

Witnesses PSD of `Y_rat + (1 / 100000000000) · I` via the LDL^T
decomposition `L · diag(D) · Lᵀ = Y_rat + λI`. The identity is
expressed ENTRY-WISE over integers (per-column denominators kept
separate so individual coefficients stay small):

  ∀ i, j ∈ [0, 10) :
    Σ_k L_num[i][k] · D_num[k] · L_num[j][k] · scaleFactor[k]
      = scaleYFactor · Y[i][j] + lambdaShift · I[i][j]

* `L_num[i][k]` is `L[i][k] · L_den[k]` (column-scoped integer scaling).
* `D_num[k]` is `D[k] · D_den[k]`.
* `scaleFactor[k]` absorbs each column's denominator gap into the LHS.

This is the integer form of `L · diag(D) · Lᵀ = Y_rat + λI` over rationals.

* `Y_rat` was rationalised at precision 10^12 from `asym_r1.0.cert`.
* `λ = 1 / 10^11` was the smallest shift that makes the (rank-deficient)
  Y_rat strictly PD at this precision (see `scratch/slack_check_results.md`).
-/

namespace Davey2024.AsymSecCertificate.Block8

open Davey2024.AsymSecCertificate

def sdpaBlockIdx : Nat := 455
def dim : Nat := 10
def scaleY : Nat := 1000000000000
def commonScale : Nat := 1030516954643143435125304038792544542964560990485125043226883060639086207634856118174265039413352197311870653644948562163225079353578652913302035922418345280028879340789837597723400963840378147338454919970270059465058305412595097651860638325632332471159069510223404401860360255075461131158081932995177210269676029980069780930295401766277594168044335804778475151441502675717779415332422106696630354755891450033833357976710203764431088314868676689101203177866888048272971687635988968082923915771213443196962736482873208419816370888677137922967811037575249569395865198598304401444361384633258378236088137544215061568080471527627034709236036809937386223819028818822869189966807159176975860075676124922345802041975815118503505950513958265337666758381351935836574598325195476845426044124214853154961980111043524000000000000
def scaleYFactor : Int := 1030516954643143435125304038792544542964560990485125043226883060639086207634856118174265039413352197311870653644948562163225079353578652913302035922418345280028879340789837597723400963840378147338454919970270059465058305412595097651860638325632332471159069510223404401860360255075461131158081932995177210269676029980069780930295401766277594168044335804778475151441502675717779415332422106696630354755891450033833357976710203764431088314868676689101203177866888048272971687635988968082923915771213443196962736482873208419816370888677137922967811037575249569395865198598304401444361384633258378236088137544215061568080471527627034709236036809937386223819028818822869189966807159176975860075676124922345802041975815118503505950513958265337666758381351935836574598325195476845426044124214853154961980111043524
def lambdaShift : Int := 10305169546431434351253040387925445429645609904851250432268830606390862076348561181742650394133521973118706536449485621632250793535786529133020359224183452800288793407898375977234009638403781473384549199702700594650583054125950976518606383256323324711590695102234044018603602550754611311580819329951772102696760299800697809302954017662775941680443358047784751514415026757177794153324221066966303547558914500338333579767102037644310883148686766891012031778668880482729716876359889680829239157712134431969627364828732084198163708886771379229678110375752495693958651985983044014443613846332583782360881375442150615680804715276270347092360368099373862238190288188228691899668071591769758600756761249223458020419758151185035059505139582653376667583813519358365745983251954768454260441242148531549619801110435240
def lambdaNumer : Int := 1
def lambdaDenom : Nat := 100000000000

def Y_str : String :=
  "20319236602,-3192888311,10934767290,-9141870876,-7173568241,-3981259685,-7173568180,-3981259625,-11154204301,-7962563449;-3192888311,18293446732,-4582053276,-1449585520,11464317436,-6824769226,11464317326,-6824769335,4634833861,-13649183208;10934767290,-4582053276,14615780393,2769255207,-9188873233,-4591222009,-9188873164,-4591221940,-13797081982,-9181053867;-9141870876,-1449585520,2769255207,11933397803,-2120085924,-667283020,-2120085915,-667283010,-2790855371,-1334296216;-7173568241,11464317436,-9188873233,-2120085924,26576444684,15110141927,-5827956696,-17292563047,9284267890,-2182518903;-3981259685,-6824769226,-4591222009,-667283020,15110141927,21937811897,-17292562937,-10466360801,4642166515,11471633061;-7173568180,11464317326,-9188873164,-2120085915,-5827956696,-17292562937,26576444505,15110141857,9284267820,-2182518863;-3981259625,-6824769335,-4591221940,-667283010,-17292563047,-10466360801,15110141857,21937811937,4642166446,11471633100;-11154204301,4634833861,-13797081982,-2790855371,9284267890,4642166515,9284267820,4642166446,13934329122,9283704870;-7962563449,-13649183208,-9181053867,-1334296216,-2182518903,11471633061,-2182518863,11471633100,9283704870,22943707212"
def L_num_str : String :=
  "20319236612,0,0,0,0,0,0,0,0,0;-3192888311,361514337033198085383,0,0,0,0,0,0,0,0;10934767290,-58190334020087593722,996608936863457913024082529439,0,0,0,0,0,0,0;-9141870876,-58643443830860788676,870572831954155588785862442395,1037902236039382484408765933154291396526,0,0,0,0,0,0;-7173568241,210041776392311435881,-441594804317414006241714383181,-468020675946293849179865192018659451689,50449674278040014056426483075958007332947883470301,0,0,0,0,0;-3981259685,-151385818236682144347,-439594775789088011678434213993,-478832982376100280149726191151100442613,50442798092437378976374313728752470734764205432247,459016135143082343876286783506132604519011716964090414973,0,0,0,0;-7173568180,210041774351961595532,-441594801906123342327370106840,-468020673278972997496851136895019449157,-50448127422477098032097847680780009583765805982365,-137235042357316803545010018868753549171566094350346407102,27583362232015498006288571882960040109988019106319516949343462,0,0,0;-3981259625,-151385820259905636395,-439594773296599036853907735630,-478832979610902313760576123593693288720,-50449721467757311989661499743715196643273426510876,162156921743999467590749000533044243091684898617420649208,-117163397822271767423602028999683914238813842757230601570811141,7273113999973660937654608503471261593046656174791426657111161843403,0,0;-11154204301,58562157347799693321,-883366547618276478978097785640,-935067695425930819871503791037369463777,1872209196221011816465331962416739403492138837,-168512072876330013794251632616613593034173719481533713920,31197714558739603461077373079875683590610970331049625720456832,-2527778528869045692212574605378181128036460934882671344883256427808,2070579992490381324029441442895386614209515837800047820829895772166647,0;-7962563449,-302764558925797155935,-879012417000353947466354243927,-958640197313954136319593257093003948927,-7251210719091915517803152230376007287574609015,652545606476900041716654040434850627641398302235167858263,-120935192418796445712242438958289888771543547567847636024221242,9670167244345956453494651099468949492986070540731620386665261266772,-3934827635408926343897386037438773653337066994423031451587165560764425,1"
def L_den_str : String :=
  "20319236612,361514337033198085383,996608936863457913024082529439,1037902236039382484408765933154291396526,50449674278040014056426483075958007332947883470301,459016135143082343876286783506132604519011716964090414973,27583362232015498006288571882960040109988019106319516949343462,7273113999973660937654608503471261593046656174791426657111161843403,2070579992490381324029441442895386614209515837800047820829895772166647,1"
def D_num_str : String :=
  "5079809153,361514337033198085383,996608936863457913024082529439,518951118019691242204382966577145698263,50449674278040014056426483075958007332947883470301,459016135143082343876286783506132604519011716964090414973,13791681116007749003144285941480020054994009553159758474671731,7273113999973660937654608503471261593046656174791426657111161843403,2070579992490381324029441442895386614209515837800047820829895772166647,1147746361722505594929799724256914850598056375170461436463538359687745303"
def D_den_str : String :=
  "250000000000,20319236612000000000000,120504779011066028461000000000000,498304468431728956512041264719500000000000,3113706708118147453226297799462874189578000000000000,50449674278040014056426483075958007332947883470301000000000000,76502689190513723979381130584355434086501952827348402495500000000000,27583362232015498006288571882960040109988019106319516949343462000000000000,21819341999920982812963825510413784779139968524374279971333485530209000000000000,1035289996245190662014720721447693307104757918900023910414947886083323500000000000"
def scaleFactor_str : String :=
  "9983903106996015928153896259401169980649471744792263946854752591721745238681382444556298144468252805592584008766192988629890638871566079577964205390218900999513425047129963713529884000265543073409563122093684534813293401712782131132557916607218544873284880719997405793751653132699409351528777781275793929211872118530795924311967068025064780748869383935710560339041338574498983089926698656713495209764999906556650696285920723372534622128326666750455343499398389820287245509898968206919355461803602455423033888866949226826047284556908934940661001662708280046603026000976186321903179406851187503416115051508489872147648710320728316289330173999568726243638474345430022747671028914020297480219779942347451260817123210532088923751207495542775661981999570494387910593200302150516264020493809,388058055490571653977262769666050980258754785942939901596002219009425748719208184139866755460424026387640383388424260112738200837833883027306160861812549492423127071616467930746523436594312845686271792912112989702522368809824493503462626625551669956510377272562296120659555995628230209105165056456946235253324960908730460690029324073746365813947328964071111948158548721369642575752325984596596795277947421964886046878745667387188457963861555008916527157242198907843607397884571975408104567527894201781172505255348127803251677974847350933865346045401540375491392979934092879452564317812160372629425886392238014557070073033203313664921376514460240662938988045818757032162306520964758051021970535503230217932550728544457881004971961949898517959609159395393,8609963616329061105216805598446948956995334427346696754798274082218512359190627395454754047358907911597316206599505479277499276960508251356801074372725298552991662424155818741317125515214707382679241486806343260719504452937326595577259798635130105185477079159363778136382930850979702092615364712765327999856235585080347070661359847936113587425516618614470672326929419861437294895921981028980120417913373117159563644578237051699496171300901924022829633867814654235285523354157602066113476840516128724667544069786226699917709421507236565601049812701292518154445662613843642890032553187344443649958730304506901648630070691941582021312671225893187530263391481037453048265806057658428693218779318401991932002758604761964714706004,1919762325696722304513976226341705013710677318103660260897628300813760429753840174252319837387372388799128628092495639838548862638288000345200514481756675105770187901529169022891377825049780993454909124461057389817942864641907696591269575132036414195532671652769610629169705386141438067162380114627310139782773244470309812160206531091878678761192761581104785127706908141895753984032373473832235060193681561777467325320673151676988627288785730192932140083688522496413032524963852952242047537556445600839885685040220737399277783466578892330486240086162062431645198498571916800614113450320373553289639442055636671171553578246467685256670348348624998302904902535538345250751552281348198748694666781182,130035132906795157561885219686723300641269274784956481239553748987606296715082842339831753599723255327260237572640885489263129082038017707881997935671383972854999825352952933745346392020013507248591040276618327134218590373718920867915757754116909375986014029058686502441729320591144069291919701196581055641949686465012897457153324586085392718514428913316210661272133889653277666936833635939153163640236289733264338627220999668111293197632841591930890703826040430894134974892020361716200126180654523092947254991838510408827166738933674696578989463994089910592148297089033434084809436712398667650596200192631591908153477910014217182832901438918073279498823247874121258,96948450202286220829039828031388815110171562852902041944774632584884270959170187118541203962034461298726269098657351040538896845373509270131935248166045511046015523498087228308864132538781110500657957557164981945785358265367223251738024632866548344804508859309723938141886992396272394688435726302856627208527874177570093839011346426474829887156392260971704167670318483544191857648764612350164066447407914595115941713721535843978226394715517641443138232984100099363722299585320421163270724989697334637177031126952002494656059176650505163938634151225215519811928323898179229169035827424770670390895053880300642921740223419219962803136398349556,17704515011163494610670221006615463054636546990914024621710286888340248903791639947915331289817129690629021440983729705692195096656116858738166511309401267375769983075428074009046384972376741630083117763790648855164643975805162353218071987494953666338569378369139812151218663610701401551614565223024821770400201596472251882579988748543175398576008306744496510736610776538014840760674183311685747603416325970210341822221906107544571761364129094399376969364992394281260314602138481660794858667387838501469724735851519091983549725065947857748415533619940031217245564842163792367658431570569249051274640254538302534947267752001262,706264128924886498494048991550722228891972590350904710512936329013692067599188954959997009213456643207766591723538447431225966672673908615713341278672987316403028653002803836362871139107200086646901418513276579807879523776051412543615729526001493301380274500899876531868210295206040360983081173865931874062587268775205017371269579899782489464883217455932243798118442954697248403525196239117601127848064372302787794136663094870647735750210624705749012792066957711615905226784649219343602306823863248599531066042445043803343784558409674385719522946779819299554456216660339922757702385294556960971009972015428678,11016140479060065299679401930852898888822374824892053631791440892037817319788478417400973781980901776156312415799960965632650782813849975180958197247611437273366124407760451374292505807615516144265507958465870421049312084518570553838000916332639494985198992169491206429832982370456252502635254510404809047152014745332872490799139481680205315716419134492805680249154745278359070227748801346130617195691898252977715337955607689380222348584453647630941790043008311346035111081720650735101272124988412133822075852361578595295328249957856666333683521237125141150605390531397212658195160944190070271750404,995389657371984483149261619289675216141302751858329327634462813946062580010042685097698931624906714491818131543473745158186978821146367568138343113683720680490762205239398805452862643573396391116940455807196806129546173496926572377699556084301364302279967887973432817928059161022674693843957615005823754864335615877080113091079272913896841453094435272482474638560465089601565590095033111622494043769075568226882887072157833822714429697285440522166252743926307049362091491891911701331334612801683877854211367282612590755861864313525930153964416564488848409343510403786021195955563394369418950786751829485683086722932624477550535547874666641935715676327532460444846718960821951626261809605179922553988866449442485526702553384504297792184"

def Y : List (List Int) := parseMatrix Y_str
def L_num : List (List Int) := parseMatrix L_num_str
def L_den : List Int := parseInts L_den_str
def D_num : List Int := parseInts D_num_str
def D_den : List Int := parseInts D_den_str
def scaleFactor : List Int := parseInts scaleFactor_str

def L_numA : Array (Array Int) := listListToArrayArray L_num
def D_numA : Array Int := D_num.toArray
def scaleFactorA : Array Int := scaleFactor.toArray
def Y_A : Array (Array Int) := listListToArrayArray Y

/-- The LDL^T entry-wise integer identity. Verified by `native_decide`. -/
theorem ldl_witness :
    ldlMatrix L_numA D_numA scaleFactorA dim
      = rhsMatrix Y_A scaleYFactor lambdaShift dim := by
  native_decide

end Davey2024.AsymSecCertificate.Block8
