import DaveyThesis2024.AsymSecCertificate.Common

/-!
# AsymSecCertificate Block 11 (SDPA block 458, dim 10)

Auto-generated. Do NOT edit by hand.

Witnesses PSD of `Y_rat + (1 / 100000000000) · I` via the LDL^T
decomposition `L · diag(D) · Lᵀ = Y_rat + λI`. The identity is
expressed ENTRY-WISE over integers (per-column denominators kept
separate so individual coefficients stay small):

  ∀ i, j ∈ [0, 10) :
    Σ_k L_num[i][k] · D_num[k] · L_num[j][k] · scaleFactor[k]
      = scaleYFactor · Y[i][j] + lambdaShift · I[i][j]

* `L_num[i][k]` is `L[i][k] · L_den[k]` (column-scoped integer scaling).
* `D_num[k]` is `D[k] · D_den[k]`.
* `scaleFactor[k]` absorbs each column's denominator gap into the LHS.

This is the integer form of `L · diag(D) · Lᵀ = Y_rat + λI` over rationals.

* `Y_rat` was rationalised at precision 10^12 from `asym_r1.0.cert`.
* `λ = 1 / 10^11` was the smallest shift that makes the (rank-deficient)
  Y_rat strictly PD at this precision (see `scratch/slack_check_results.md`).
-/

namespace Davey2024.AsymSecCertificate.Block11

open Davey2024.AsymSecCertificate

def sdpaBlockIdx : Nat := 458
def dim : Nat := 10
def scaleY : Nat := 1000000000000
def commonScale : Nat := 243157284716148150439670903092471957563744224870708406354596331643569903792814070079520624864724526672758346636197613544931016650591155950158646813551754423097928043462827193037036067773282004936333778837476456553922630171590920764794101107420135544527712365706965843813616954044526253361964770590226003235406940315027862627427083990675519956208518786140314978097867001706140902123321194804186054539574436722584531327983858612262673301728369354549208774423214893285613617165974949901582650343389931060343613241076282884132097974153174552720787032624100960775345815768458822386078633963452183869681443553068322957660077426479395615083613952488333788842130428358905112187401361224954572218834146208431656474936037472395619241739079547491359259325735072004553690534567356617837823411156214153970477290962000000000000
def scaleYFactor : Int := 243157284716148150439670903092471957563744224870708406354596331643569903792814070079520624864724526672758346636197613544931016650591155950158646813551754423097928043462827193037036067773282004936333778837476456553922630171590920764794101107420135544527712365706965843813616954044526253361964770590226003235406940315027862627427083990675519956208518786140314978097867001706140902123321194804186054539574436722584531327983858612262673301728369354549208774423214893285613617165974949901582650343389931060343613241076282884132097974153174552720787032624100960775345815768458822386078633963452183869681443553068322957660077426479395615083613952488333788842130428358905112187401361224954572218834146208431656474936037472395619241739079547491359259325735072004553690534567356617837823411156214153970477290962
def lambdaShift : Int := 2431572847161481504396709030924719575637442248707084063545963316435699037928140700795206248647245266727583466361976135449310166505911559501586468135517544230979280434628271930370360677732820049363337788374764565539226301715909207647941011074201355445277123657069658438136169540445262533619647705902260032354069403150278626274270839906755199562085187861403149780978670017061409021233211948041860545395744367225845313279838586122626733017283693545492087744232148932856136171659749499015826503433899310603436132410762828841320979741531745527207870326241009607753458157684588223860786339634521838696814435530683229576600774264793956150836139524883337888421304283589051121874013612249545722188341462084316564749360374723956192417390795474913592593257350720045536905345673566178378234111562141539704772909620
def lambdaNumer : Int := 1
def lambdaDenom : Nat := 100000000000

def Y_str : String :=
  "18319201772,-2753412425,-3687871482,-1004526346,11034311420,-7279632665,11034311426,-7279632659,3748986418,-14558829394;-2753412425,19637650562,11047367959,-8382742953,-6994619450,-4239763561,-6994619609,-4239763720,-11235959482,-8479394475;-3687871482,11047367959,14391622617,2448380466,-8636637362,-4934605251,-8636637533,-4934605422,-13586666499,-9867946552;-1004526346,-8382742953,2448380466,10907766317,-1761125041,-756794840,-1761125053,-756794853,-2517694271,-1513618881;11034311420,-6994619450,-8636637362,-1761125041,25643858809,14608730236,-5865050346,-16898524386,8744492934,-2289790350;-7279632665,-4239763561,-4934605251,-756794840,14608730236,21891528475,-16898524393,-9617235938,4989636300,12274495060;11034311426,-6994619609,-8636637533,-1761125053,-5865050346,-16898524393,25643858987,14608730408,8744493106,-2289790184;-7279632659,-4239763720,-4934605422,-756794853,-16898524386,-9617235938,14608730408,21891528640,4989636472,12274495226;3748986418,-11235959482,-13586666499,-2517694271,8744492934,4989636300,8744493106,4989636472,13740504452,9978767306;-14558829394,-8479394475,-9867946552,-1513618881,-2289790350,12274495060,-2289790184,12274495226,9978767306,24549472420"
def L_num_str : String :=
  "18319201782,0,0,0,0,0,0,0,0,0;-2753412425,352164803370731338679,0,0,0,0,0,0,0,0;-3687871482,192224731640580539088,2789743313719485982614248833163,0,0,0,0,0,0,0;-1004526346,-156331034964961791296,2431410647735445957127366230644,2921066886440911001487454003883605821787,0,0,0,0,0,0;11034311420,-97753834927704466400,-1233504778739322761804159150018,-1317089776259254276751636992138076277655,46020541009459570174352705834564012442909590095834,0,0,0,0,0;-7279632665,-97712915211176728327,-1228574533144145567706418349846,-1348105762154465895451482847301603443981,46014152986668054249806530636697618204601121492829,418583536120424888341953921814509407990570330606115515709,0,0,0,0;11034311426,-97753837823937075188,-1233504808143752779450298566361,-1317089801594676428126674314611779388137,-46019090438846438023359158787732933491619546078805,-125136709365100563323403481597054832128715024191986034435,75456720336793383561784937302653413991857193579755082391958681,0,0,0;-7279632659,-97712918107409337115,-1228574562548575585352557766189,-1348105790279631360546006152389555387626,-46020645432185551119953454205741017129238894031124,147832894845939639342791881717223845629920975610509262974,-320511049676242926980776181716480591509910378349373661377929341,9949044324089518169993096459702048292924346390042340009426103412323,0,0;3748986418,-195511303180656753274,-2467447121155156735573685588483,-2631388439961772707496856379240379766167,1755679153666203167964698237843785576133999689,-153658109954296148038297083848445547621549271155623202401,85344391425147812389425125646884059024798875678168001398489270,-3457796722141083506879080374536685638794702144315278930790339733932,453189120568127822395835264132445143934122371210220155084453094082292,0;-14558829394,-195422200123595774900,-2456711134924557771253080555834,-2699004445294336907036477877491411402445,-6799886975323782902972596629927368891587724267,595025209984093769065008224837434890236649750034297817641,-330829302223993420526215232971695545186253352721318377925060636,13228067364300206788822594516172508903249037596921102470916687046493,-885249497908096560096841149704106037664940280850884195534226839799417,1"
def L_den_str : String :=
  "18319201782,352164803370731338679,2789743313719485982614248833163,2921066886440911001487454003883605821787,46020541009459570174352705834564012442909590095834,418583536120424888341953921814509407990570330606115515709,75456720336793383561784937302653413991857193579755082391958681,9949044324089518169993096459702048292924346390042340009426103412323,453189120568127822395835264132445143934122371210220155084453094082292,1"
def D_num_str : String :=
  "9159600891,352164803370731338679,2789743313719485982614248833163,2921066886440911001487454003883605821787,23010270504729785087176352917282006221454795047917,418583536120424888341953921814509407990570330606115515709,75456720336793383561784937302653413991857193579755082391958681,9949044324089518169993096459702048292924346390042340009426103412323,113297280142031955598958816033111285983530592802555038771113273520573,249431446585943720063242179614342225937560527255239724454937887459252007"
def D_den_str : String :=
  "500000000000,18319201782000000000000,352164803370731338679000000000000,2789743313719485982614248833163000000000000,1460533443220455500743727001941802910893500000000000,46020541009459570174352705834564012442909590095834000000000000,418583536120424888341953921814509407990570330606115515709000000000000,37728360168396691780892468651326706995928596789877541195979340500000000000,1243630540511189771249137057462756036615543298755292501178262926540375000000000,226594560284063911197917632066222571967061185605110077542226547041146000000000000"
def scaleFactor_str : String :=
  "1449119458301786377888297958005159577928625859439862669449161216384697411014100900905551052765231678089500250884163547813871657449054604326091395021074844740282858384643264886291128637247616519257637663772891760426541854444907618536240733056066245873933639901808986456968961004996534808620724309795250204964950666429784769901229195531124464017037110584305538708314844863317283976247906126841989661256666643780871435666154416219380208002626825252154080176749323593686866577406259026970005724527387614891841779642504120363752487096306303497002594394158484164174386693909135256023262076862103688769997950418123690404043573348060537995641153960440063925992338958121427544878879367449810124022458243965335032534402503960829696169038984925995532207197882239969216600606382609562086283601,107025888289939157329094760740129828182994323043670949108955237731057034320446278670921700863461476623368796625986555669738384500639173635368574245708388752595314755138903086335124833431966652753702005477324280613698931349307920286219779815283224229035340622768683509220580708221638041968910212065468953601462830672068812670159664964063016114666820810675299123696265803670023958117413158989970611255308683376139322630255231246061573534128202749975630195805535094470148940227684780377573338850250893986469016494065389386873914874430332382987939788925314623065564533898470152245463777514373358104302297514685875117828947704061035065536537124908973840205967256213193880725441316506625290202708796140262010594974267291745177587030532068225931263328355451,88718225260992576497015796744612589650590902448695997093543034350311720148428039513362936777685561399251830185786017570890533425142545446002750016219274677159702412094217557096549839258351368849682713609743319155176405106675723300312628767071621608238754453627289449646687688109683017618996940139411433301928203673033280874937917727385703047752408715851880848545463877917565296489919193911283778033809305075014660898145119828128431198781264024921295950056930066374643817235434670598432088686491939853105284442886285411707241896584398307220534312025018962976998815700609814038274560701980265277711253146013936858636276002832247882912246046358241227332704760664060632486488897913284568782794428071917219253119738442921262,10215039177766984441761486696007634350481652609129245133583893552013926024974039576777202284515768081320478296373640832257044089479582664071674470850039741455994192820459203854945945030451652123443300913928154891183164213917145490561876767585530758821914530522972889430084099907940112364598050972148724027757302796797583163130711678054246982293874376446571072856363650498789927000543868214648971508070818964069281902694688751487856607897065980513348474018924145236744115554403263917101622155172603420725226314099106946772559140611421526022827826989389816443182295640753173021731837336706731757002490294622315173053980203108857822307273753895675817301413865390964601783854881836659003798420646,78609012293451843252973923635679861688472211711060734615476616831852195444644301877725849191518619914864881638170709416731049446303017140836073968126261833822612926139565384679218168985799493739497311029247394518931598332617280658301286665599607834167125000652124899073828864900555148833831051031227039532408771243406200942742287265212807187257413870825416517926419360704763916397911651328870574674631318227087497543204978288638220114925248834526794018746896944293838032768759190830467092026320024690832615669361294592296824718199935902545787962281889016890441802601234828561923917880665842755875500227633650360854055132016224956358842435187780992153993629910867,30155829571767035421892802787090146294921935511008505989882971135176066741072967655005606792446926185341339530073881222535257710185043303174193273852011530286132508870391151711409194421348137629763098745972332427968551686352182107434320508381795571099431673519223150046005232905398242857119617886235642123963885225869013937308697965997049089983465934623204662309765194228291026984664648339241853386614734960997536821652975470988709581453611975972383935518568356367224848839097288854220882082389094397034266156113658326449955883253562483681521434069954456322040515894783037253427764871132387810516202650057061549089110545298390579374547653,102025631718109776310046606713173215340942783132493682896537476490915080130127565913865178954986178598450621512528932755492334655696521067610890096791054983063005852620298593472967724864992734387294982914008254656192981557955832860972526449888604026483704263799339463659921881496659329670332363290586886406916146171335742707738954289766111080996631751490740134433857064790777415690185648560873203126285372119031927090408616982150201985577371118308117261960855919424014241921641653987318335619922260835201851060041833076538692204677222996094622126282215553005557884599223329885624851931782315062994504931259439311802654938,65111338654789928199912887466366129757935515843032737824854210112282561630694210006608138644960028224114608805542340930464956208143508642428652727235679198802134157304156601804835547221275322088765923818338047437770798754077488895415210669030910443872476503032629819566112261491653950829492317385224560007788577529349010639764098781428787876606002797383528018225415597670300826552099434059131696117570937578049831988401100860383812829195040729853715129057520786718687194032768515119688610130623577516399807847072743285358579543583462909133728400167203286940574791009322975940054965233204478731850465603876,952000015395379103003966458702278303288741886968378208897789434198281672773440504643818465688559336814640291261597411777541259764473118958240763350918784643626475564622587349692370911248404778828532398338419640023970752962372000606089562442866698510855321645244120205780554289774617230290994995929730701628753407837062283656459423093334356743410250169374201839601839208479208496900208466979295568309454371912058253977403751839146612332368069183663951803269996146921524242595652632518086401024018883311017615785275253771215990362682016418588090375443377001535398474673552113301599048276780562120043,1073094095512799797951518339885192552193492035161053662822993736708294558421605562705672422002929156244756996272601408772450048388706780950209059873317694800613902962361511364578434100225116330816619954874929606656152630216023388998955590953847133469576609535735879253075780043074031681120405388528028827582524892830562099145859230142662835795455077992289678337924347891728521159545254693205702716356918858833937890903122619351666574542935285536011276378594563088767395389885519529957461694254894045614171856230053958562961667821556136667628227040569863986293800687782713412652431028026634798366868082511347283888086905515796995823590878843969306815518528594327760068360857297652766436754745810732036656219942884078977730711142986397"

def Y : List (List Int) := parseMatrix Y_str
def L_num : List (List Int) := parseMatrix L_num_str
def L_den : List Int := parseInts L_den_str
def D_num : List Int := parseInts D_num_str
def D_den : List Int := parseInts D_den_str
def scaleFactor : List Int := parseInts scaleFactor_str

def L_numA : Array (Array Int) := listListToArrayArray L_num
def D_numA : Array Int := D_num.toArray
def scaleFactorA : Array Int := scaleFactor.toArray
def Y_A : Array (Array Int) := listListToArrayArray Y

/-- The LDL^T entry-wise integer identity. Verified by `native_decide`. -/
theorem ldl_witness :
    ldlMatrix L_numA D_numA scaleFactorA dim
      = rhsMatrix Y_A scaleYFactor lambdaShift dim := by
  native_decide

end Davey2024.AsymSecCertificate.Block11
