import DaveyThesis2024.PentagonQCertificate.Common

/-!
# PentagonQCertificate Block 6 (SDPA block 9225, dim 23)

Auto-generated. Do NOT edit by hand.

Witnesses PSD of `Y_rat + (1 / 100000000000) · I` via the LDL^T
decomposition `L · diag(D) · Lᵀ = Y_rat + λI`. The identity is
expressed ENTRY-WISE over integers (per-column denominators kept
separate so individual coefficients stay small):

  ∀ i, j ∈ [0, 23) :
    Σ_k L_num[i][k] · D_num[k] · L_num[j][k] · scaleFactor[k]
      = scaleYFactor · Y[i][j] + lambdaShift · I[i][j]

* `L_num[i][k]` is `L[i][k] · L_den[k]` (column-scoped integer scaling).
* `D_num[k]` is `D[k] · D_den[k]`.
* `scaleFactor[k]` absorbs each column's denominator gap into the LHS.

This is the integer form of `L · diag(D) · Lᵀ = Y_rat + λI` over rationals.

* `Y_rat` was rationalised at precision 10^12 from `bounded_pentagon_alt.cert`.
* `λ = 1 / 10^11` was the smallest shift that makes the (rank-deficient)
  Y_rat strictly PD at this precision (see `scratch/slack_check_results.md`).
-/

namespace Davey2024.PentagonQCertificate.Block6

open Davey2024.PentagonQCertificate

def sdpaBlockIdx : Nat := 9225
def dim : Nat := 23
def scaleY : Nat := 1000000000000
def commonScale : Nat := 484831233052959121980240652536701455508192038705608826345251949077738389796888880777815450639869415250839799086137731794541620318396530054930242361823167722402762939010266853774068221945605936786209407815688275979469005790245299839634494279083087072474700494225016949719446746211117149971679881358267657952138869937795057159373637222937231556325174482287099019296675056223605494721578060185083186297982142324444902578762255364093461128430013030659317889829891980342702774676973881260726247448909980275200079507286236266834279915051715013668635117684360870928638563434441461697834755932075115949362112610396600795753631224122127765823234870980801238246720785821308014078723852932587236712140283786539389919482996173600582514435233374473055129876601845808054652696131747015893278882687083038663489459550715584984785252752659318285947973289518050386310388503294657797953077298868358114509999738381845975989929179446553113830400000000000000
def scaleYFactor : Int := 484831233052959121980240652536701455508192038705608826345251949077738389796888880777815450639869415250839799086137731794541620318396530054930242361823167722402762939010266853774068221945605936786209407815688275979469005790245299839634494279083087072474700494225016949719446746211117149971679881358267657952138869937795057159373637222937231556325174482287099019296675056223605494721578060185083186297982142324444902578762255364093461128430013030659317889829891980342702774676973881260726247448909980275200079507286236266834279915051715013668635117684360870928638563434441461697834755932075115949362112610396600795753631224122127765823234870980801238246720785821308014078723852932587236712140283786539389919482996173600582514435233374473055129876601845808054652696131747015893278882687083038663489459550715584984785252752659318285947973289518050386310388503294657797953077298868358114509999738381845975989929179446553113830400
def lambdaShift : Int := 4848312330529591219802406525367014555081920387056088263452519490777383897968888807778154506398694152508397990861377317945416203183965300549302423618231677224027629390102668537740682219456059367862094078156882759794690057902452998396344942790830870724747004942250169497194467462111171499716798813582676579521388699377950571593736372229372315563251744822870990192966750562236054947215780601850831862979821423244449025787622553640934611284300130306593178898298919803427027746769738812607262474489099802752000795072862362668342799150517150136686351176843608709286385634344414616978347559320751159493621126103966007957536312241221277658232348709808012382467207858213080140787238529325872367121402837865393899194829961736005825144352333744730551298766018458080546526961317470158932788826870830386634894595507155849847852527526593182859479732895180503863103885032946577979530772988683581145099997383818459759899291794465531138304000
def lambdaNumer : Int := 1
def lambdaDenom : Nat := 100000000000

def Y_str : String :=
  "271907,153519,-118387,153519,-118387,35133,-236774,13062,13062,26125,13062,26125,26125,39187,197587,-74320,-61258,-61258,-48195,-61258,-48195,-48195,-35133;153519,326271,172747,-90208,-243729,82540,-70980,-12683,-12683,-25367,-12683,-25367,-25367,-38050,109030,-44489,-57173,-57173,-69856,-57173,-69856,-69856,-82539;-118387,172747,291136,-243729,-125342,47407,165794,-25746,-25746,-51492,-25746,-51492,-51492,-77238,-88556,29831,4085,4085,-21661,4085,-21661,-21661,-47407;153519,-90208,-243729,326271,172747,82540,-70980,-12683,-12683,-25367,-12683,-25367,-25367,-38050,109030,-44489,-57173,-57173,-69856,-57173,-69856,-69856,-82539;-118387,-243729,-125342,172747,291136,47407,165794,-25746,-25746,-51492,-25746,-51492,-51492,-77238,-88556,29831,4085,4085,-21661,4085,-21661,-21661,-47407;35133,82540,47407,82540,47407,129947,94813,-38429,-38429,-76859,-38429,-76859,-76859,-115288,20474,-14658,-53087,-53087,-91517,-53087,-91517,-91517,-129946;-236774,-70980,165794,-70980,165794,94813,331588,-51492,-51492,-102984,-51492,-102984,-102984,-154476,-177112,59662,8170,8170,-43322,8170,-43322,-43322,-94813;13062,-12683,-25746,-12683,-25746,-38429,-51492,172681,-48691,123991,-48691,123991,-97381,75300,-23808,-36871,135810,-85561,87120,-85561,87120,-134252,38429;13062,-12683,-25746,-12683,-25746,-38429,-51492,-48691,172681,123991,-48691,-97381,123991,75300,-23808,-36871,-85561,135810,87120,-85561,-134252,87120,38429;26125,-25367,-51492,-25367,-51492,-76859,-102984,123991,123991,247982,-97381,26610,26610,150600,-47617,-73741,50249,50249,174240,-171122,-47132,-47132,76859;13062,-12683,-25746,-12683,-25746,-38429,-51492,-48691,-48691,-97381,172681,123991,123991,75300,-23808,-36871,-85561,-85561,-134252,135810,87120,87120,38429;26125,-25367,-51492,-25367,-51492,-76859,-102984,123991,-97381,26610,123991,247982,26610,150600,-47617,-73741,50249,-171122,-47132,50249,174240,-47132,76859;26125,-25367,-51492,-25367,-51492,-76859,-102984,-97381,123991,26610,123991,26610,247982,150600,-47617,-73741,-171122,50249,-47132,50249,-47132,174240,76859;39187,-38050,-77238,-38050,-77238,-115288,-154476,75300,75300,150600,75300,150600,150600,225901,-71425,-110612,-35312,-35312,39988,-35312,39988,39988,115288;197587,109030,-88556,109030,-88556,20474,-177112,-23808,-23808,-47617,-23808,-47617,-47617,-71425,248538,50950,27142,27142,3333,27142,3333,3333,-20476;-74320,-44489,29831,-44489,29831,-14658,59662,-36871,-36871,-73741,-36871,-73741,-73741,-110612,50950,125270,88399,88399,51529,88399,51529,51529,14658;-61258,-57173,4085,-57173,4085,-53087,8170,135810,-85561,50249,-85561,50249,-171122,-35312,27142,88399,224210,2838,138649,2838,138649,-82723,53087;-61258,-57173,4085,-57173,4085,-53087,8170,-85561,135810,50249,-85561,-171122,50249,-35312,27142,88399,2838,224210,138649,2838,-82723,138649,53087;-48195,-69856,-21661,-69856,-21661,-91517,-43322,87120,87120,174240,-134252,-47132,-47132,39988,3333,51529,138649,138649,225769,-82723,4397,4397,91517;-61258,-57173,4085,-57173,4085,-53087,8170,-85561,-85561,-171122,135810,50249,50249,-35312,27142,88399,2838,2838,-82723,224210,138649,138649,53087;-48195,-69856,-21661,-69856,-21661,-91517,-43322,87120,-134252,-47132,87120,174240,-47132,39988,3333,51529,138649,-82723,4397,138649,225769,4397,91517;-48195,-69856,-21661,-69856,-21661,-91517,-43322,-134252,87120,-47132,87120,-47132,174240,39988,3333,51529,-82723,138649,4397,138649,4397,225769,91517;-35133,-82539,-47407,-82539,-47407,-129946,-94813,38429,38429,76859,38429,76859,76859,115288,-20476,14658,53087,53087,91517,53087,91517,91517,129947"
def L_num_str : String :=
  "271917,0,0,0,0,0,0,0,0,0,0,0,0,0,0,0,0,0,0,0,0,0,0;153519,21717755772,0,0,0,0,0,0,0,0,0,0,0,0,0,0,0,0,0,0,0,0,0;-118387,21715833284,618918208853,0,0,0,0,0,0,0,0,0,0,0,0,0,0,0,0,0,0,0,0;153519,-16032390699,-388773209697,269886073539467103,0,0,0,0,0,0,0,0,0,0,0,0,0,0,0,0,0,0,0;-118387,-16033134880,-177044177311,269838772812008100,289870103426,0,0,0,0,0,0,0,0,0,0,0,0,0,0,0,0,0,0;35133,5683482051,67261799763,269840212582376005,159132062174,8371834324850,0,0,0,0,0,0,0,0,0,0,0,0,0,0,0,0,0;-236774,5682879682,246417113326,269828718480593630,221651055888,3554856664621,174807887116481,0,0,0,0,0,0,0,0,0,0,0,0,0,0,0,0;13062,-1817996163,-53815424385,-86317858199119517,-62176377604,-1241499769495,-22235951160095,27834761029150403491,0,0,0,0,0,0,0,0,0,0,0,0,0,0,0;13062,-1817996163,-53815424385,-86317858199119517,-62176377604,-1241499769495,-22235951160095,-10864558636470393251,3756897346096286026951680,0,0,0,0,0,0,0,0,0,0,0,0,0,0;26125,-3636134138,-75057129947,-172639339277055306,-112986427273,-2568281769042,-35895844819462,16968613430044116471,3756545578370026592582922,471587922503279727838,0,0,0,0,0,0,0,0,0,0,0,0,0;13062,-1817996163,-53815424385,-86317858199119517,-62176377604,-1241499769495,-22235951160095,-10864558636470393251,-2405217720059088598692882,-182065702332634266358,37560108245253793588560394,0,0,0,0,0,0,0,0,0,0,0,0;26125,-3636134138,-75057129947,-172639339277055306,-112986427273,-2568281769042,-35895844819462,16968613430044116471,-2405291140175056529026730,-49865938056595805630,37554770393657194183660464,10645407719464146866634527573456,0,0,0,0,0,0,0,0,0,0,0;26125,-3636134138,-75057129947,-172639339277055306,-112986427273,-2568281769042,-35895844819462,-21728958156705515461,1351436503897302697822550,-49865938056595805630,37554770393657194183660464,2330463636454597803379793230918,117226073989021191153881714,0,0,0,0,0,0,0,0,0,0;39187,-5454130301,-128872554332,-258957197476174823,-175162804877,-3809781538537,-58131795979557,6104054793573723220,1351327858310937993890040,102849993851165348840,37553389643303101814352076,5023002445114092941662771819572,45378598486905827408396092,4842455753220962815205,0,0,0,0,0,0,0,0,0;197587,-228749381,-117544558994,-10871521004418807,-46488251011,-179880281223,-29402891223803,-6103848915316651616,-1351282280570630968053312,-128668410897388942528,-37552400069741009801697302,-5478143043270376836663140849742,-49490410632033108714015962,-1864981361693171329359,90402594060095321624794,0,0,0,0,0,0,0,0;-74320,-229261111,45323879606,-10880266807714477,10348044299,-171346102514,9923458107346,-6103884223480911711,-1351290097162651196404602,-94975936404705925678,-37552255814912262712606880,-4884071731707592985813492960538,-44123476449825125672489118,-1949788687243794945731,27749373091416525696521,1516626248800503874796719,0,0,0,0,0,0,0;-61258,-2047347913,7795330184,-97200873305320699,-46145634901,-1020695849279,-11579412816219,21729117214554178172,-1351373456591620899132457,39523096335937717797,-37553129324769534105454811,-2512686299342385551908792081280,-70784850596442859559018664,-1263554865778786777085,22388451679267106160405,453008871407538376263971,532352811057197713312198262695,0,0,0,0,0,0;-61258,-2047347913,7795330184,-97200873305320699,-46145634901,-1020695849279,-11579412816219,-16968279564308337279,2405337217278345647706583,39523096335937717797,-37553129324769534105454811,-6670045660522424322155393571367,-12173402196149219960221253,-1263554865778786777085,22388451679267106160405,453008871407538376263971,13477331436552379784438919678,2054162420847131769107370762938624129,0,0,0,0,0;-48195,-3865395249,-29733250341,-183519606084769783,-102638382974,-2739627871556,-25972386712116,10864729206563204760,2405255481207375396178320,189939759779093689520,-37554258537637921689536818,-4018044376237808525534281561590,-36299648356576492447753490,-617396929451034730557,10557604961030308954302,451940679214941151256824,148342574721936819043011658740,558268440459019532492355915187330020,3656610939278233720619261185147,0,0,0,0;-61258,-2047347913,7795330184,-97200873305320699,-46145634901,-1020695849279,-11579412816219,-16968279564308337279,-3756471666505708323499578,-312227151334501819502,3292072155991748911956,-1347486062493953306616850715823,-12173402196149219960221253,-1263554865778786777085,22388451679267106160405,453008871407538376263971,13477331436552379784438919678,50720225240372439166503250465353894,-376553619765691876666448372754,63177106841217592801433468530577,0,0,0;-48195,-3865395249,-29733250341,-183519606084769783,-102638382974,-2739627871556,-25972386712116,10864729206563204760,-3756581237337707725431332,-161812076853981741548,2332513042598836787226,1304539265407929559634048115818,-36299648356576492447753490,-617396929451034730557,10557604961030308954302,451940679214941151256824,148342574721936819043011658740,-148819598477104300655731807668575220,7933363556831346821737356132,17446629592473466756610709383484,65110809551244752280878678347877,0,0;-48195,-3865395249,-29733250341,-183519606084769783,-102638382974,-2739627871556,-25972386712116,-27832842380186427172,146406734651501417948,-161812076853981741548,2332513042598836787226,-2852838875826231837509347654466,22312064809419973147401162,-617396929451034730557,10557604961030308954302,451940679214941151256824,-34787563068680532105078856788,576169463347654372998200790349079316,7933363556831346821737356132,17446629592473466756610709383484,1933702710027159479445209817300,17815005916573220820876349,0;-35133,-5683391412,-83548674726,-269837464283889300,-164814760578,-3981127641051,-39836503547361,192806043971604,42683787626521636728,7041905249398933352,1261696688166183773692,124269300539187850345232511396,1122668514506037982719756,-17653393896354325718,4768301279289268668788,368534198649150977527628,72682086386688904032993087314,273529801491332580837357293984150122,517875135055003987461917074595,8991925910736020483212751525074,9873567515842675187961129390613,2623595247094209154383881,1"
def L_den_str : String :=
  "271917,21717755772,618918208853,269886073539467103,289870103426,8371834324850,174807887116481,27834761029150403491,3756897346096286026951680,471587922503279727838,37560108245253793588560394,10645407719464146866634527573456,117226073989021191153881714,4842455753220962815205,90402594060095321624794,1516626248800503874796719,532352811057197713312198262695,2054162420847131769107370762938624129,3656610939278233720619261185147,63177106841217592801433468530577,65110809551244752280878678347877,17815005916573220820876349,1"
def D_num_str : String :=
  "271917,1809812981,618918208853,269886073539467103,188633984349831491,167436686497,174807887116481,27834761029150403491,733769012909430864639,235793961251639863919,18780054122626896794280197,665337982466509179164657973341,58613036994510595576940857,968491150644192563041,45201297030047660812397,1516626248800503874796719,106470562211439542662439652539,2054162420847131769107370762938624129,3656610939278233720619261185147,63177106841217592801433468530577,1578317211599947841524841704039467113083,431844276805568911270815899531171,621189987762314887191304757"
def D_den_str : String :=
  "1000000000000,7553250000000000,16288316829000000000000,2475672835412000000000000,5622626532072231312500000000,8696103102780000000000,8371834324850000000000000,174807887116481000000000000,5436476763505938181835937500,8485101196340005120000000000000,235793961251639863919000000000000,25984787136096172913195866076587500000000,2404361726706962978682186400000000000,52953140565199271448200000000000,2421227876610481407602500000000000,90402594060095321624794000000000000,6104475801467439023470422946600000000000,117850668253409258179914514800631015000000000000,272915071246875046548318591186500000000000,3656610939278233720619261185147000000000000,118879509052176787936954538382161578110500000000000,32555404775622376140439339173938500000000000,48991266270576357257409959750000000000"
def scaleFactor_str : String :=
  "6557191530499185872781642134104777960029572979847894954667181268168076318784559919989315519677488080320434715978574259341226789423134881935867336013039991217746095259117596932439939480350882078240964354944843538331052577768375449848718501419731759844873522006879574920156385466727553960342479890394339022235474182091847261789064535575015260990339496766818787772863949529804104926020746561106282408359981901970254931557440979671235237169105801765932971045446291620112877654238807199289654222669009399610801693697924105902151929052601357412248077015040298089524265034556389607785973996977884356119759714154214709801382020482674935112264758068571516070382197149708795161845556249112107299519098504205391385710279662667776300708989918131284776352693208746024006234675887786805960455002294714246226868686050088402590830835022283493210997668762097974318147929834849052093399635161184435671900411467864787044956546073600,136090196223404893439600424108030745300579006387344916027784257962304303704208777448724717279101039447771344289489221637606033432342141065102792805010486616473269290910698509223956434171934550657722567731081257226825404260684083982259898208109477655486155215866143440284394615952377944642377969919239732703115976209769260050232620881585650700648509871855705293459173159908420375540733107906819017197896042134386473863910293387625089355294291342302543660120314981685893095704429872402286382705506921180281857755779148386967279631379704964951073693616541907648030142088130447264514183557465338568885548775537247968106267809120822808000952511081868346230967603000815715512560752098307646584704521815804036032169936562883131815970736307394084324648754099835818476085280407389301665397464077979247410622067150130694442894616973656876961370116225204093561222289567878121951320833006673532783734118820844800,77704802534045735739304484614903273655857891863969054017724046578228360155231454417348374479670503819099096154555981832777396594787142051149654562416686765681451001310228876581450798832041918050682932620616531698145146301948904645194166910008475276342852948252508000504307390266219150477506037406612363664932793484513110998358784928072099307909843121663939786048393269784970413695733468745336322767533357649183272785409008083207135238128686669290826853637044611054622608038583954134177968452292154356659595423837621227402432268903713307357323001803874962110370539824573944645767361485179557005711132696962694543786221481330188320220052794141799067835767587026813866096202339103386927620245245926816883560666086574758402341086074891053596803344088611464606789778596156266016321100263390757442670510419427297306796230029069214688880917276211535790768051287494157591920005560980468145629926400,2688663108295972602497353490896341865758539849781515689741370603198552783006925999214942526294110337299808291933559804187084158621842093128337629706920577704171535028246437794215705003403750103303460762528306532282219453098021603526657451077303991474049051954217338383503663880146355813403501234396526951832707757296487828989602008031463730120309216661898031718778435582907996251843561355854028032751739619495299730535629775974625031168097397711189752692501797262160135266844355379917711940874673329127146271703604822703177789665116321466830487765931854490826951061324317894548907691654989615471214727404763188013820183398951474448144407170851222735332772900193402745211492570905217575899608699996229855162913066570325075314499998317131809279788702560366138501608283024758811237923814234453292369893205285238290057172883467272529837354735327455095382835403523960634916100588800,1026229514687257286386552177528282326134241977488946094486096998625080429773305453972825287653822928126029293369072333816483098192482519340022040096455739134905836173322485849504924897070545723728216343524849490703872855175746865622032809766282445306882235370140116773858489324022486709348629997542283668381949469055109097220505976278555245096234372064573578827557950459316520985319242871899288698578782914097519376475315567159501699914814882348284819726232021820271671260528959883836678678973302318266636532845200563306942491118553096967695538890066404047864518264983226291653661805721522663523360535563633453948101810310456701137049320370860992567374274708098470882890822967021088585284599509761408907560323397891268679194359897318017112321671105152899185450914551535544827495391935998890160346570726393357157779876117653881451746152656456806757137788111169546519928823211319588966400,795471562990765129928453154704995943001217331504539621341644481420044691195297124471907373231271287106034096706701549765704463760403479456729469210336071368048131249945328909028583687836750189438806974483800402089610296674572809488599025093459832795583119943226176994149365407439800102805868147374348567358148358215189926809879703156819470253061324719437423648176160021538878043833625547765171303735222931852744929870784510555159667938919027867766461287530726066110049283917481570764916004595188012465116914367920644610084083437064206594856701731713062619328935719925409579719257288905577982662953703517145857533493760362973505621641132254387413898662814226529801004456308297297484329021931981491752346021885644767667247051269390061806271981794150360859149807838774154990295891968475847926583772667354430297888314861599017648954619029981684622279529783422328419595079667944395196657284608,1895168883360136963632572781122608937496691569395109529704302454980169646662477316543993051837698296740443374533320864405772479768829536936908060094457881281969568348068132791860154074705694463925156662894317917379132422249840228284836587012472499438668110557428344343261312053674624781310134109352712935822725960967180383986184751952390670954184189852019309696887258109967965720995967411348302470650545412848605796437908280895117881787760536516653452326078464315509721223956536941976729886727166347681795352890488455565187279054460300739344664574764327553744895978789175080891937255894546534429530926508502994580411316821646070983749579803167452346314315390681801840727745192277657261638393945771909764365984660763765212641635965793168290452318755907902407472188125426468815122005853575076265685801813034151111337306520928003351160949263610001680568920381205711569332881755333517824,3579765446761008188296666391707603884726894753855776818401801869032920317749963586779436459458645569837383459259233262241171236926749750528867060059214026850434481660150870639928359344728983849694045009738151322273381200599518197852644993457339663866317336384121097927591077314229624498372387116987472171228653230785365005491950413680452519022149149149246945323123381812653532131329851022075244352081334581003780187101358762975935531031643308398475426821777696637290801246101871034638594022557360226678792200753184793186729849377973959291812810956760392232576483713047786511209994280928920572338795825558882805757647883951279585910198599936344970061499472287852091171379822851850575792354951145486792684576621817272636541775423422978826762516164158787226307273349357517430699356227845912560680220487536961193395671375521849004213161057695998894492240806451727384928486400,6318505914747911291479403410098082496857517559184312413335387066869440267537333648098884864511235482802865497328592798892318593899213533882875018496083578228946225695287077698484574868467413052763194349236018971247060975593828648801678053869511488937992134897490601949982064838939553440876930361607174027502200887921782138101076884504001362232804101650007712749040680692105066331097669629085902142497855743849137404492796494825701024585700865112596303935349408100739572522499719936996374186127535345977785189856070002371431778385443299335021610656956467018889444041380306131079225626784873578851481983302729509496258193761519655184026919260536145865194958734451148105164078726735080641643570551314526696830193138309793066156224521116302932261851156861608112559960413414122366555766998416671628365911226141556678266562375368275171127041043176671394907462477095,256926094298006279296480977384286087512429157741999161078536629130969609687612747514460765230781519836699564418881546809908308898052464181385317887264004676431753046706178508742486180846675797051212278273369244382401281832026904998907454412070353826792543593675904280247604505001776264153429553728763121626066837252442395060212720639730925351188333302112597351657449351285959582521105483507162799757283300946604258320209119309487015874306253476709026632290633621682364982749134835539814103706578853499147683177620326640660592172323550585342312355104690394839785219147558976426179745917081552978775454787579710807593840555288225418607242259483979390181974122033347489501144342685131008938497442837194306436339249310742165634506318661909487280503398252261058378178566871763474434193568169814438605745634145617985976229230497610614627120243915172829540479804998130305,1457485492625001968012483240550462191716334179500343217043798050583906725852172451914948942666296750156519578136312603841839966156316332418671768197841926480336434732221912314646047983877850247013248935095702445217711293861329563287013026475329186733241523157072449968178686375151179218923122325412195135658619928012300928261743755246933342317572397508932589138549224615692123656285240080948651303226495609203670506211448046015371970928914619857688345803658507543050688342976716115803047825491615049717438922638923053811710605969918733589251503520987805749922001174903043244260846439944943133131575212611530959075776891599396088576784180249361150245169866762179794480984652388944770581897515925433770553673666739480331142470177857187001835033072597128120682212281265647634730215605062874555176517855746724970537743488808116057411972389369171808575225600,164644348091092743355667931768563601509705543139008094668171373386845246043264898194893366797386958144680518079453373478532943605559665924064264594580204458065193554139374928706798395122765712094281798535251387241954536625232172639992813567332650323808899165240760567488061610474527264409960312676284038940164728942481403241932821958224294316391256097581108564224780632308418829731890863159192287835129885113705629985622635890240190814986635914409509127369700326577999770700531646760504877618495605435886565875070646309683931356731998216232276320858504093505188022704562924790751888262528724772422731344454047461956873339047305436756500986803519755629537108833325575496280063021132807509445864525310085888975981537546622260255145528723255916390167388102653633128891645970624639786957930903815793511672099822347086682620377192140856000,14673791462432837794521181278097703868499205835380632695101365729921535795592195900731604963701510593782707098677579321657351430048753671988608091942023482302470132168370012465475680010104298686019480854192612405981178943760992243158020089067480461926578348706367247031792227631905658964176958010118066261330072901413975367666311145047812631985907981611251246627714058808639054302041937141111873069212152610384630552993005730060393515812032507650070831224802053543153672204821299089042709072595109547336959854478381605262579440153372968786939889300621031566022311243451860409414551264201300657434899931744708062181997851852794057675794889730969290695007301159832582372059612443692363107500056272279004150661430405497740684405794319817241914470039162007355421785549447253482186634513096104753282977397522130152261639626100111721488528982584936616000,390451903767184021660297053207053084233168339974128522478401355963186598229477224683471946023735478933426574950892685415821537566700822062885360174514376855682129648461871967908713223763504409639083336838743278845702812220465146495969608459285085125811749640546427841774082502260977282608403647652442134525010465673187471124168168679513130081625570654388448043274271752180029758070202798893377326579061369257818448304887605148155189034175403237264253359622217826483148605594294278679836640408559773472266623146032938724135331218910158412906418138390862079190148659562584326824472898703868428537935237725034548636529044962833772062348842629584897641705937458798511284806103924690102759846394337300563933162074550787493886330513971539773269051696869021281312322225050685220085200076815183679044576589605612359241442432413755523570573041440002351656813250588308480,24501526287833881341236809905654164600565170728299572303218501178035373482437779649945555074059873269061533517713582483912882274761054080370293368088644548776451238659815164070999249840300946263080084557561913621991008447213766871701136433138420462862237603495582607719257907770429609797400913995339062186368083161234662161767670835236805413732785769411172770815056413166553286405210902119737425742608713092752546462281648999043458663144000234388098720953820283624570180850171662655726031450676414735735531406963068124440623813665878942046993764538694220783754097158079440127332125697840638456553466663223466652937281273103047726611950613287707990482025464307931219888715076182395333058437931447786413497042438342156716528971460901718396377993828209544387272324632582963837686208838307768810199379168024239722314998847785989849200854748707164405970127772160,2331592021672810358395911715657142685849608155553103536511435869591802496532263632739168097462092114680073607534179462355203675647784242257159989142196502951087730043670162107752609346921252115431514650688249716204062070024524353719635571175756487010492410897349843060817173325864280434012955681709102040918670175117325556284981379352910423043931831453590147888514954260909931798981439882034937630652391186108841856046349260622502240135234032895557222851443575216483413068333627467326792909542428345509250161215140767337694733244255016884753992790929879335750121541138884001228983343476643964064607882785639714722612243398156761768239114805009250198484049917873783662285509517534159516621184483130461149163346401737357814261122490816717738235012556101665134073436671585748606905802163745838717564942088060833299990969131617103031404542524361911586265600,280248379264538588876355923804322805339394625229902198253395028364152107335194499559867846065996363746431207565438787031778054386626876621361854752470833083549945272769444591651738696839743687153895103118873354317202318609072979501713502963109341479755408804913418467410330735649748539051912394745784656875152232628528958710579426191966358448145197385150705400474495464732901537609586631675433659162924357245781082046342830326185363716837165216572729561461940586271486441844533202458559821440870672215803662225553534950733596622114323343787354714112613296819528988774285372968613565775528678104232865049165131430310017999515294588678319051723756963717503434713960483759887419749444447495402262117117923117103139107714804094834754561183948237762644913682245210714856317659132342507050715003211482729341809454024935747124388646324852802560,974964898685214174192493739885868699627042720412469142957058001216464298075479621634633624764055952561624803957759594495898081272508008260669662309217499796218201642688504989032733287971034883628501836851764841895128006735554013466777696477368369567059243991990518192028891390146696150615579390518592880166295855905627691827943062013933099058797768520198907591530808070395505962550153025087774661649727641307469577659381264123172709014727967126859958186171724055800152331910560688392092055221317163943424823480045590722826509378541444825206098658179842379720553652068523323489304375127565349110785383697800133972084692991371682343918839684802787485187867163802555557806328287644037533110063137801553755372296027635179387724890787204743508400489591968413163741886691096630952938510325470566538373527328070824036776960,132863461110041590011034122822875881173761606121377619663685815051934315870054232928864411120862216163342078376243026828164344064591038914333203625623210909234575543635895263594910269680651215662343215570048430518409333261507368145666203750618032730443317049754197122172228147398257843241144681341633077315236445367899303884581554635212563086686419006809908386570229051903498588705682616839474616166458076502623644254619542230784928979310066884943087611900461894421667687961635808342717032763727653458367270972266116792108093037867910324872488663955271938427670297870138678384270761780138676125599142774594409283877127367201078496013716040441114149280140203870256737149202376650032359055999865540345059212576885882604350509397917005744021607661414486606282667077817594845321987062869541835143351196066423691610878838244912447776614400,33219444649943906735854346331292484499639004518445017841747153867607798038896836154760582306151679566874580730982979025226807399002861986849269811844343654267514066642601940888938955890582817848036324701174891529047905530078811174085517631654374112261898338836004215734768709319252042127874735338565994437663351286782217425116795940311184494500973759932702402376898056457057943461523873407466804997661300006258121615711190327981626696161445924273279698829827489183268928076374274796387955052834873135497120256577013303417446966434147818430007398868515043387858715017730193027657967151879385600290733533215733465933259313468277582458388524726712418574776181319728104728161194205954444591192258215992390984328575282402596218022865003731854907225115605242662551279003059148025820907712697189501449663178066448000208584958104797260800,962005148521487628737940257206064819064375184527938854281098750440827657702713098275431179804610946513412946210945004452296971033517258610150208804492686730329904499687307230736283320712938644328873258232289170586104681877869045734469113576314489366779752858889822664639778674771589037877415784211874282221399663799844610099102189905574553064636143748111695026581719117292459270993528533535815707306440658967483465494009424200738077830837923236389592539205215731377896172990264384138309220913960203648864028017666258090169976766903615475734616452906490586213618143690526634732383770544646375202201581262678314106085347893708345743050421783483625109263113434057033202054240558922459606232045278945588007894322459089649163573818870206583154962668745140853907541705233831192554002741205936981944870385665939849718804659251200,46924056406854642406471509167783655452172793169141022863112963694571841142946540154504708142923078494406312776004694926589182712669535691577877177347055041592781141367665151837449746786475788636374621744920451129949253165965808184316746145490287478879254234670755621618184571026067550463768843717711113578799055253737893493900106930710850107634981888132295530150394242181364985496573225074017150348211580685052410020158094605774535790311423610222702787689508414040743518236238399442848462019661095864917261731438661593479326305774402952604226962815923047002381820064896648756279382819730386040338444394253207933861932671961966339483831534255001372248135589698890075640708106834219322520510638964689059474652458603471301323407498385719504333374787483272266041630885632288363715374228912678589791659006417467807060993416593916718635510052710400,9896278866834346264673265903727547887375908751099301460238912992805064589074151997923990874365170436968718465804454560870819271625458791954031568048205365110402843602054160769934898319100377633222103794055830211255659573686358560875997906630645725251719147472391666423549193421441778895617298998241085183205272686737299921688126820714448460833788122818093365675292946120243665380877773169391403234353983358018463915107253546758985489913018572532077610556459690554364191566622026624453300501396789728132987123762829605041316041846425212718728031412440633198903594706631409990073251862492064610502016163788097248989882188718584142969298587080566123398902956147189429885651638183058877955244812063563333763841382112888221725847037215237546126856878876948496749088358300975669460845048161925554826459654506995102156137159075749649977278432067316955253533525209786953189097970836390043952456664476774400"

def Y : List (List Int) := parseMatrix Y_str
def L_num : List (List Int) := parseMatrix L_num_str
def L_den : List Int := parseInts L_den_str
def D_num : List Int := parseInts D_num_str
def D_den : List Int := parseInts D_den_str
def scaleFactor : List Int := parseInts scaleFactor_str

def L_numA : Array (Array Int) := listListToArrayArray L_num
def D_numA : Array Int := D_num.toArray
def scaleFactorA : Array Int := scaleFactor.toArray
def Y_A : Array (Array Int) := listListToArrayArray Y

/-- The LDL^T entry-wise integer identity. Verified by `native_decide`. -/
theorem ldl_witness :
    ldlMatrix L_numA D_numA scaleFactorA dim
      = rhsMatrix Y_A scaleYFactor lambdaShift dim := by
  native_decide

end Davey2024.PentagonQCertificate.Block6
