import DaveyThesis2024.PentagonQCertificate.Common

/-!
# PentagonQCertificate Block 1 (SDPA block 9275, dim 22)

Auto-generated. Do NOT edit by hand.

Witnesses PSD of `Y_rat + (1 / 100000000000) · I` via the LDL^T
decomposition `L · diag(D) · Lᵀ = Y_rat + λI`. The identity is
expressed ENTRY-WISE over integers (per-column denominators kept
separate so individual coefficients stay small):

  ∀ i, j ∈ [0, 22) :
    Σ_k L_num[i][k] · D_num[k] · L_num[j][k] · scaleFactor[k]
      = scaleYFactor · Y[i][j] + lambdaShift · I[i][j]

* `L_num[i][k]` is `L[i][k] · L_den[k]` (column-scoped integer scaling).
* `D_num[k]` is `D[k] · D_den[k]`.
* `scaleFactor[k]` absorbs each column's denominator gap into the LHS.

This is the integer form of `L · diag(D) · Lᵀ = Y_rat + λI` over rationals.

* `Y_rat` was rationalised at precision 10^12 from `bounded_pentagon_alt.cert`.
* `λ = 1 / 10^11` was the smallest shift that makes the (rank-deficient)
  Y_rat strictly PD at this precision (see `scratch/slack_check_results.md`).
-/

namespace Davey2024.PentagonQCertificate.Block1

open Davey2024.PentagonQCertificate

def sdpaBlockIdx : Nat := 9275
def dim : Nat := 22
def scaleY : Nat := 1000000000000
def commonScale : Nat := 163729317378038901434509635785136780016712480927257791864091008606436750897324700641321517964112398281433997541263487752152237281755763075148918112160124217801834474642399537253820273883241099728273822033444389315698033196893393428635873102404494926738459398827195456894508484809901690917483814409897276897639428763820008889891772199378034932934753255774379283951955305593945012209170181961133800773085032792983333792193883684612862548957762741270387292892902585437365200854247842338405902972821136628357426984469328976574916726352554166049676778117653062459241042611390141210800338374874796116078291896266073075863459713522392897348881547924702815855255451033391545147175211240126832925865033401110393056810144638387854689004620488970468462555674087240421388305047767288120742911754467555404223858064670514905789915072453902479047835157939589458936460342643515536411175110743984715280502978773504126206280909392315724438964585151138445116951491708215697440118875005828187908566480000000000000
def scaleYFactor : Int := 163729317378038901434509635785136780016712480927257791864091008606436750897324700641321517964112398281433997541263487752152237281755763075148918112160124217801834474642399537253820273883241099728273822033444389315698033196893393428635873102404494926738459398827195456894508484809901690917483814409897276897639428763820008889891772199378034932934753255774379283951955305593945012209170181961133800773085032792983333792193883684612862548957762741270387292892902585437365200854247842338405902972821136628357426984469328976574916726352554166049676778117653062459241042611390141210800338374874796116078291896266073075863459713522392897348881547924702815855255451033391545147175211240126832925865033401110393056810144638387854689004620488970468462555674087240421388305047767288120742911754467555404223858064670514905789915072453902479047835157939589458936460342643515536411175110743984715280502978773504126206280909392315724438964585151138445116951491708215697440118875005828187908566480
def lambdaShift : Int := 1637293173780389014345096357851367800167124809272577918640910086064367508973247006413215179641123982814339975412634877521522372817557630751489181121601242178018344746423995372538202738832410997282738220334443893156980331968933934286358731024044949267384593988271954568945084848099016909174838144098972768976394287638200088898917721993780349329347532557743792839519553055939450122091701819611338007730850327929833337921938836846128625489577627412703872928929025854373652008542478423384059029728211366283574269844693289765749167263525541660496767781176530624592410426113901412108003383748747961160782918962660730758634597135223928973488815479247028158552554510333915451471752112401268329258650334011103930568101446383878546890046204889704684625556740872404213883050477672881207429117544675554042238580646705149057899150724539024790478351579395894589364603426435155364111751107439847152805029787735041262062809093923157244389645851511384451169514917082156974401188750058281879085664800
def lambdaNumer : Int := 1
def lambdaDenom : Nat := 100000000000

def Y_str : String :=
  "221536,146819,-74716,146819,-74716,72104,-149432,163189,-58347,-23624,-81971,-23624,-81971,-47248,-105595,33490,-41225,-41225,-115941,9867,9867,-13757;146819,275163,128341,-9088,-155907,119254,-27565,76419,-70400,-16399,-86799,-16399,-86799,-32797,-103198,-16056,112285,-171964,-43622,-32455,-32455,-48854;-74716,128341,203058,-155907,-81192,47150,121866,-86769,-12054,7225,-4828,7225,-4828,14451,2397,-49547,153511,-130739,72319,-42322,-42322,-35097;146819,-9088,-155907,275163,128341,119254,-27565,76419,-70400,-16399,-86799,-16399,-86799,-32797,-103198,-16056,-171964,112285,-43622,-32455,-32455,-48854;-74716,-155907,-81192,128341,203058,47150,121866,-86769,-12054,7225,-4828,7225,-4828,14451,2397,-49547,-130739,153511,72319,-42322,-42322,-35097;72104,119254,47150,119254,47150,166406,94300,-10351,-82454,-9173,-91627,-9173,-91627,-18347,-100801,-65603,-18453,-18453,28696,-74777,-74777,-83950;-149432,-27565,121866,-27565,121866,94300,243732,-173538,-24107,14451,-9657,14451,-9657,28901,4794,-99094,22772,22772,144638,-84644,-84644,-70193;163189,76419,-86769,76419,-86769,-10351,-173538,288077,124887,-80047,44839,-80047,44839,-160094,-35208,45558,-41212,-41212,-127981,-34490,-34490,-114537;-58347,-70400,-12054,-70400,-12054,-82454,-24107,124887,183234,-56424,126810,-56424,126810,-112847,70387,12067,14,14,-12040,-44356,-44356,-100780;-23624,-16399,7225,-16399,7225,-9173,14451,-80047,-56424,199050,142626,-78699,-135122,120351,63927,-54754,-47529,-47529,-40304,144295,-133453,65597;-81971,-86799,-4828,-86799,-4828,-91627,-9657,44839,126810,142626,269437,-135122,-8312,7504,134315,-42687,-47515,-47515,-52344,99939,-177809,-35183;-23624,-16399,7225,-16399,7225,-9173,14451,-80047,-56424,-78699,-135122,199050,142626,120351,63927,-54754,-47529,-47529,-40304,-133453,144295,65597;-81971,-86799,-4828,-86799,-4828,-91627,-9657,44839,126810,-135122,-8312,142626,269437,7504,134315,-42687,-47515,-47515,-52344,-177809,99939,-35183;-47248,-32797,14451,-32797,14451,-18347,28901,-160094,-112847,120351,7504,120351,7504,240702,127855,-109508,-95058,-95058,-80607,10843,10843,131194;-105595,-103198,2397,-103198,2397,-100801,4794,-35208,70387,63927,134315,63927,134315,127855,198242,-97441,-95044,-95044,-92647,-33514,-33514,30414;33490,-16056,-49547,-16056,-49547,-65603,-99094,45558,12067,-54754,-42687,-54754,-42687,-109508,-97441,163045,113498,113498,63951,108291,108291,53537;-41225,112285,153511,-171964,-130739,-18453,22772,-41212,14,-47529,-47515,-47529,-47515,-95058,-95044,113498,267009,-17242,136269,65969,65969,18440;-41225,-171964,-130739,112285,153511,-18453,22772,-41212,14,-47529,-47515,-47529,-47515,-95058,-95044,113498,-17242,267009,136269,65969,65969,18440;-115941,-43622,72319,-43622,72319,28696,144638,-127981,-12040,-40304,-52344,-40304,-52344,-80607,-92647,63951,136269,136269,208589,23647,23647,-16657;9867,-32455,-42322,-32455,-42322,-74777,-84644,-34490,-44356,144295,99939,-133453,-177809,10843,-33514,108291,65969,65969,23647,252586,-25162,119133;9867,-32455,-42322,-32455,-42322,-74777,-84644,-34490,-44356,-133453,-177809,144295,99939,10843,-33514,108291,65969,65969,23647,-25162,252586,119133;-13757,-48854,-35097,-48854,-35097,-83950,-70193,-114537,-100780,65597,-35183,65597,-35183,131194,30414,53537,18440,18440,-16657,119133,119133,184730"
def L_num_str : String :=
  "221546,0,0,0,0,0,0,0,0,0,0,0,0,0,0,0,0,0,0,0,0,0;146819,39407658697,0,0,0,0,0,0,0,0,0,0,0,0,0,0,0,0,0,0,0,0;-74716,39403163590,1379155326954,0,0,0,0,0,0,0,0,0,0,0,0,0,0,0,0,0,0,0;146819,-23569228809,-765484047866,78775464457674814,0,0,0,0,0,0,0,0,0,0,0,0,0,0,0,0,0,0;-74716,-23570843818,-371461751946,78762293526325884,632948499285199836,0,0,0,0,0,0,0,0,0,0,0,0,0,0,0,0,0;72104,15834009508,180186592978,78762661485632350,337543887755519652,665017778352,0,0,0,0,0,0,0,0,0,0,0,0,0,0,0,0;-149432,15832541318,574213824448,78759185413177990,478192835128030822,288950783398,6780653106478,0,0,0,0,0,0,0,0,0,0,0,0,0,0,0;163189,-7028922017,-422508228420,-34967092829650197,-272125827994044017,-175723855810,-1994695613538,2841841222448005916,0,0,0,0,0,0,0,0,0,0,0,0,0,0;-58347,-7030390207,-67888655647,-34970951644128490,-145546070779678863,-134163857585,-401493199765,2841541538120988098,74413536461721942710,0,0,0,0,0,0,0,0,0,0,0,0,0;-23624,-164680798,42882173507,-818732303362975,12468098834074338,27298695359,350674274899,-1287731380903214756,-21049224221430135176,12489421269293927316569914,0,0,0,0,0,0,0,0,0,0,0,0;-81971,-7195071005,14401176557,-35789301205467532,-119008781787458509,-138531076304,-731654994360,1553789320787914333,28207431014476700713,12488464466956535112017863,692050820610593381934590693,0,0,0,0,0,0,0,0,0,0,0;-23624,-164680798,42882173507,-818732303362975,12468098834074338,27298695359,350674274899,-1287731380903214756,-21049224221430135176,-8179608204777497768616976,-256753652938976287381729310,12059860314601441556154753459028,0,0,0,0,0,0,0,0,0,0;-81971,-7195071005,14401176557,-35789301205467532,-119008781787458509,-138531076304,-731654994360,1553789320787914333,28207431014476700713,-8179746458213811031799217,-114216318525893078876069711,12058355717571545280397471689956,159971980853817456802530810150888,0,0,0,0,0,0,0,0,0;-47248,-329140050,85768842121,-1636362557610581,24941625250585838,-34466194519,137280283541,-2575470976037417346,-37591133766278037838,4309105936581542529519762,-26392000093149115955085392,12058312045783731238336773373642,44150579994259288066659895742562,6988667339130801371876666654,0,0,0,0,0,0,0,0;-105595,-7359751803,57283350064,-36608033508830507,-106540682953384171,-140921694722,-236505327762,266055164829647068,9887478626093197316,4308873260125276482877996,168540732542356347298986546,12058025243050289019867692566766,81515111570756138094723669829554,3071550967830486545517636038,106339801613288999052344695660,0,0,0,0,0,0,0;33490,-8474110886,-276872666189,-42154280369556407,-245068099539386598,-165844795343,-1669385324059,-266035483715694904,-7066135293394494386,-4308838518326591618689411,-134090838136494682509136600,-12057863640790812258805811029191,-74910920330346359260584684029355,-2979993931267834046855814057,-40238119489058825992525881171,4000270289863810316110043770227,0,0,0,0,0,0;-41225,30928905885,747608796942,-42159144974704650,-155065871857827135,4359430775,258290323195,-266087523816463148,547500867862276128,-4308891812178560482082182,-111201333684896563829813484,-12057969997571196435242816689802,-70523777223882831799538529032106,-3100400483154289246251305734,-38838518581905961188177425542,1467132995733373765118376818054,228033265717622415368552258473439909843,0,0,0,0,0;-41225,-32045323069,-569528531398,36607635820096082,199379822533004703,4359430775,258290323195,-266087523816463148,547500867862276128,-4308891812178560482082182,-111201333684896563829813484,-12057969997571196435242816689802,-70523777223882831799538529032106,-3100400483154289246251305734,-38838518581905961188177425542,1467132995733373765118376818054,-1658566077150318549375001352638280863,63710486679944572666828753617410,0,0,0,0;-115941,7358062067,376147044996,36603838129284711,261253392901604195,119145508697,2130547822253,-266120219305718727,2352207383901540173,-4308949223648480150586427,-105991075028487329080632641,-12058120917268903560152446805752,-69525664125750242115727274163414,-2860662756083616912680056590,-34230692240726620289584170338,997841419693589937238938691966,36231495629794822701819988633760323720,10196926703304709953123651174740,177345474613828238992307142092583,0,0,0;9867,-8638938503,-194587769535,-42973360280164818,-218535105968061143,-170214936724,-1334558595204,-1553802688132763707,-20505875962085306645,8179768603372671771134610,135789622863714349858961733,-12058253429858930393502705659593,-89507050508084401225355049288551,-744847676700350847139320841,-27368224518447458787248877917,1409819446744850722130404989669,32316516612906067750714119437404886322,9095102078450915701581547402749,1035913581813793403310857478863,1227636980569990898715655533218382554027,0,0;9867,-8638938503,-194587769535,-42973360280164818,-218535105968061143,-170214936724,-1334558595204,-1553802688132763707,-20505875962085306645,-12488442321797674372682470,-395710248348305709987160563,615795018492839469529488983,-9522643942215580504843287136519,-744847676700350847139320841,-27368224518447458787248877917,1409819446744850722130404989669,32316516612906067750714119437404886322,9095102078450915701581547402749,1035913581813793403310857478863,-44860840577089150066831300902853462418,491349955983204427659565973335597,0;-13757,-8803619301,-151705596028,-43792092583527793,-206067007133986805,-142916241365,-983884320305,-2841534069035978463,-41555100183515441821,234812131635724460344,-145940959009175007746803303,384338879328525919562259169,-27973140091206191034428993760837,1131379525440535069144851605,-9549268757488788643992842319,1188282048187653433702755375903,20550557709979106175579574736859128448,5783711851750491018344584689216,-12665064759108564902182475203243,201139828478825477971804156066845096483,83557693233593045343527827621439,1"
def L_den_str : String :=
  "221546,39407658697,1379155326954,78775464457674814,632948499285199836,665017778352,6780653106478,2841841222448005916,74413536461721942710,12489421269293927316569914,692050820610593381934590693,12059860314601441556154753459028,159971980853817456802530810150888,6988667339130801371876666654,106339801613288999052344695660,4000270289863810316110043770227,228033265717622415368552258473439909843,63710486679944572666828753617410,177345474613828238992307142092583,1227636980569990898715655533218382554027,491349955983204427659565973335597,1"
def D_num_str : String :=
  "110773,39407658697,689577663477,39387732228837407,158237124821299959,41563611147,3390326553239,710460305612001479,7441353646172194271,6244710634646963658284957,692050820610593381934590693,3014965078650360389038688364757,19996497606727182100316351268861,3494333669565400685938333327,5316990080664449952617234783,4000270289863810316110043770227,228033265717622415368552258473439909843,182909870204684922681665410830042347399,177345474613828238992307142092583,1227636980569990898715655533218382554027,27499352031464775260943986277017037156389,3131800455361773134361471015274469"
def D_den_str : String :=
  "500000000000,221546000000000000,19703829348500000000000,344788831738500000000000,4923466528604675875000000000,1855582111062500000000,166254444588000000000000,5085489829858500000000000,284184122244800591600000000000,37206768230860971355000000000000,24978842538587854633139828000000000000,31456855482299699178845031500000000000,753741269662590097259672091189250000000000,143987367264334613967538492000000000000,349433366956540068593833332700000000000,212679603226577998104689391320000000000000,14213672387997713811375253103407631406000000000000,11401663285881120768427612923671995492150000000000,12742097335988914533365750723482000000000000,82097210471919902964916302985353753817500000000000,1841455470854986348073483299827573831040500000000000,245674977991602213829782986667798500000000000"
def scaleFactor_str : String :=
  "6671578804603067552310530945514777230839317352740771446237753140964413224042343845342662971981654035511058127146899682336991954433176450325692979095453174789759649669805381512975492394383208106576511969794882428573809200509934361669685594499020547423610660156465827842537796770169384902465882128438354401474202726231917514136490093520319082687958915806783873120021916699764207566825418405055292810506610985743832252634042349883794175483167897207083208657811387991405704924643074615565937492346957042531499168550763363765578235231038618861680267913117024230301173235986828477755339787825757846398383167534414898259013244176183091049940162824533786067792042076859088630309666400605109452805144513992506564755994692319468721805471085157952844963458929538201334161978296024209769260839847026399893254573801841899070326301845478816926071963797678142294784451833408981143571736250352681295197403384947168881510429015915033139662347476112111005561399353932522968391569190123560,475884184319584643140487224306392099367921956741595812875668934751065162039299679834989719691015561181731318762374557867179106087189947057801708849802742080815358805869464227949152943614027326217156893210789700514857377929401160053244640792979298362265689347202251397607621998877627045625632080962720303555936404307878886063417496053549308397142577389623976933783547482269495961061688330027198324502826773404991563380667277463312834828022711620944028896743208798686440805817177531613646743232697615419073550664575773233346969368663619100682011100521110682302616197996711123637185055166701163647864963036031807475707277959381438841329245619755511192476303699455600979058472112667647861694729584332047484838023895479755107736088742057102484094782053924157784762805830920331484715413908339435900076084228375399457309436687490324148005949806590815201014573930060154323245328916044557475159166583629920892493494225741351411299403939924382139730550353445157320,4368672122120215356790157759170907121289063180739200437956907275150026473225635610978388941976581311253815345016077407308839788166816490655013930110651140406566847739277738837738531627986904270609423843566118427290946896968618957077333304325845050058583586324456634434641447943794974357025634011931878902186707605446877081230488296109355757330090203192902427978157619751565241228260205063791318375201327713446669870631210496675275712128808895927848480473601208747543339280663099008551755659736263275857836421093650575434110182649843875707086394944309350517701103221429835375721884077810315344917910018049119510639127071518315442436556613670659967541066003321845179580350355887603517740334834959901892945222177230970274837290844506246763149464294468839465533082745212266346087682627722951432018270677522271413580765205700670766601411521669551094603150956505629348120823263173174678871507125872849119514931239773495357508671651671493253971410677480,76522881710819768309687917672088374581324371674675398136773179091318041148638708291024451739753988790573401550280142794519545864536742341999253607547153030104241987890504655704957622064054480405120193124948200100110520977148588158413522311504631371018638940661088089123215739759303472397396501652719959321691097642611718553293780872367635541767530189305651966461025177437753875772504544009065384560760453413840141470817241664384132551951625907034615794106342458653432655927334626177763599312166876821711589786512157377141033744299786360627792507512362297527248350374419313830787873694491731087775749926355474596530337970983741947476714266327020849061910635613905949505033347199306056052955238995375181443114170644522506022891757366757852230559185380227641722834880383251127345992937160043696472914272872918263036943878658293540526670036455868884357918295179121133969928895532684780395763282771479673580682789982668382832026984272503880,83007763439145757912986310889535917273805515437422951799734905135803369053676254894626189611976920104845137709461362959903462931141443071727216341821755143907390708921815297114789087901244092741883211713565349775601252236352670238234301115186141073771135533265117589713578757146027674707366880979067448538835372736212580048078922240869730414877690758234693943442935890688069708512702591741770601719346703817272260112913335698593391606127733188892859890349161994981643188436886425074104130642185982433181858958821362196140019481871448086099970163397577994198502567848826569401107156956314685829206377235115399231362327876160979778410217773681447610810973804153617899745649256010775853367601735214125214064519573945356235352668005790850949418473066570013341093308485932590018935140049106818803444325505340939281390976387246637317667397654768184677125628142157818026878335331980556678576055557718082485104913509843897154205522029720,199516934163793505187809434705256239188523837444452730164211447572686929669351470064984363849217299984129071896361410153649372974231541433159349484816771381512873021917072943733444405241801773235499286728993226887933060628975204739104911654557277835543416701954621356611374293369916095540686344167131405669232187845254114876525142010539993677189812385600155161223969621803996483250605177597767009932692153820120552719348207140121516856662944465765805697141850190465759599119618060650686683523119561426088901339234040425357281810914147835118030757320914350450742197252712923185803099631093899612975086834666933083613619920327823575560927730487686010018257642041734348516231212371711835158612085899787704307676804653063191077666871506319256265244791809240821988584253634741654169041625090035093175013535415599757235415064337079353438481887325016632400347272896069046631515078571211628889972046198822895826895932971022397110376758056613389055164208085,21419539677698696048072087036663196910349021999751398241518208892520678574424895483024076103101394702172613823525347069716812221877741411503419101911597258140216161072115402030305591737885688771785974027308929514962302639671037804884210684149515585654648617116994504522975082328579350708547853870085937404576772224725954469251897641377443673807919847296924048491026552673839589072308647147064118244094813225314297736483393580471122834479615108539232280862050610037089448127576494416727764525609570489925397201508918830350905278441206426256183583633381879622160296057612370245866619444998052479738813908955400575403016543856773014502285230369275736775462932930235393814767285641343103200030269477109963746695285885013928719744361790497350488602717186025649115609403717676710802783665788614537017446245073836091048068230312588609322153386507636017280044712013584677199298871395039204751542520888739788053682530075384621950322307161828499707487815,3986520867390356088279766729134489817364040030519062620994510489446864687908114585048941400275281462948505145970551027559370350315796928291474921091120911738041357137718089565738288849553419541409243424983113538547214264587152694973400355323540729798094624695336388549295529851487367904957165911299468349243290585844873162757248464839962594094834176434145113462750988032166553739014920064698101122647202849587649860042811892157719537402146066549279490796398733667273642287351091610688082233358564638079003069868891047862296933449116256555873273372733434816657567209461510222983329189283200116112390892771085528985794383721931170824927072081461342436036971073917933754596226486659742254548024130291321865459658035864982984506769018922326167875559795573917819053888353949205839938977171413811659678868326186004563253248560722714302581533761532104092368067436979835322258244311192102542982146267672483242331981451369028723408537331730,104045368396209716533956182716694331020340563542174961460001709092256009217705566693949358423863094718693712644194866408119806882710581720069874574869333929580247878442725203270082791179504928435260282386044901617407810401748002186243097527451109879537752309024911384572111113184684972448537539523443262925719626316513120091268702041710354753880677280710398953183114781788158359946446176484277495537813101591513980982726489749645379079430377578282374607703313669845815408111949538596998665653981796738604810145496862021800813566238051603376202164408794421564614411845901611331142486258385825865561470893305146468828293188159769218428386215558625224104514635570911986529040700413598516374381271392465840022285875282450963163688610670634916414300036060375397932897583989842149246819842796458874090808522380834222088915540994263938004385150706957498174249537968751016053889960210139060049818022618483887515950775501293898005758,28211090419956944529302694334678532277037132137766151984410124511936257954444736445507065165877022605218077069709369319121493081698888854701711644020554540965659559043944998334446543605266148051024190331513659275226678608347142474038839685769526937252155014966765431334658421728538523111556502812940734253996708815631751076166695366218654819694090414201759704141947792439921311606667343849774960466663316464652769850899967938551408501391847961621975418541672627793886596481553536907833050669588699243697597579517762682463588794100424364919881400913754712537895772038176654113109442555824593854221370441019104856275331369363021356095718496034315310027106102883078993630412090923680224882411753036445531861448825950771537628818393205009265034362154299069522539494852478645886138589223620254939953129948893327600849331973355909658464727565027369769649091395889802453807397406965768779975553804681689114226751796156,13686051344016953167986406170327507296701629681659818152426379682331660976796306393495376070998344659780822764215559229581610797485490929116029977024279718530458036798056832581844862544210160839769001941874882787228265064207415471836276911733404215210890068281587091596320619843655478863503950914679028760773349643310058566637377691979510721269627114399466689605511122226428055337234503256701389916745106950492559109669442924787384032260843287363779126544249943174320493779172273458056996178254904437150003369906808264075618077555261136150927504100453808878286971477723802678521889349830598470830130726468699914499661556350610658618969368086822860024965538706570600008325866159770958870875959777359748449761765891214526777026708490349109525850319210137566896883279290559162432278196416218713522312311684730079034699732428052788884030178007039277064517912316579914920530982098086818602701872773269874340,35787106764338510177988193730654955480042517316713915330018739289713431041998172636719447705399797127152756072585821497367741330186440692343716870146346484518571192499896600643419672556647066796414751834172481115713486708083057227979312737799777261036442766942641732674923306484271675874441252480155177197801406406434061309855942869754859647355779903189657862673923678104015969918320009586113015531046862855280404956465268808073326987410619424113442868380395379635532097821092375052132329472908131823440156348954900027585722768826010774775724553322330508845556060677954717852390947091653268130491983433750856581361624215315779705665152988350682456610974170883560377554886589999718844733957987839161310062458675137333799701103319378845439084910367120575614443630378858003709813817324026868514330297009581751687598658871285601807852532627094644729150857500911319957596750457612731324075999468630,8488213825559275868135468356171073905909291978191262635122794309547814541796303084275346650738308515457971508563934512606593950524797013011074091099157788608653493916196811675155196695926099999602472676044862542600455078480822885214204556768774601665384505599972544947627729111134639260372198158879939673757183096823546228601492432288442892695215391783172473818867486732278674846210532264766255651354096405538558639210947209459237978325439505250195985314566313108587290687823212825854434251381623204762519800626267313145297187277705890391033688834477176139548837628225952184283063520258276356731893607351183872627609321317461286123674042073718293278863541453237444220392130874746690330021808462342001418552754255199043150839559383791312607360663461152240155395285354304746715006212974729389802369832047217376584752465890541834614155466089732469602812404413118071311873529496335889584865,23281626793472037603493706583920104234905241758181945174427873597251544137145225256810262330596332590021886599689605228853391893164948265233151645957881873280668230562134673082291250822109354385493996842316773149659401730895998727755083213467007894950716627815003559383060603738915749709036342077512639125180791631541024177317191602296236316514283974949376469312534235685773372471444225024143214560268143773059610978527081568058348392379999638725000655240055344249513937452509693434423676624523387217258999323981783528854875731455150118938143296159955413364181630074518283531935645292212682765452882620841510055660784435944566859569627879407471587389636124818697243841800493829719896735312132456597183570178248503386499779924983356981236758387596235881161812637186010807086744059470728102427416830370173261334347866261576151058112292099416827990894928407931354988748593514694599770500867431313401715,41435290382850267351704960685067766625729723367096024635213818327992351604057725288026541958703348507432227726522620218132773668697024462994531989064884907279740785478353000920813877793440947811184130794418088327749708914395911664574880677420328021423117035573288827870007920851821230394845912932993848968684188658389852530364002693903820934879793231562503332149495557771945137030533352082157315282506773200360449641459050331994093542164721938039395346476183800209863759764285452702779499110341154270256616735074126318268594666387159511259634274597887084463140235091470523562195746547746640169781749796213363699212468171090698196516285667045154474187266398713560284877246173348006367442290571418881225728498798239875985830508300306376524656855950926424643566754786572901237421788026262172328513047325526231408715603112191709989922994027255655706090040336103105148673142031457181376495572155206254,48108513331073454731447123728756331609856067095059694791482092867659764654355407105967715858464423728862547178800831690343405565497342910938173936623927298763257311934468386434531303155363159634426190427413530355751412460965277163123323979589844540780252063996373930414583757795133852949253447554963201329135955356103476991831794144359162838037805560919347644754429588127261323098468782967700759662356040066994237045538691715456516504640451316338207812949919960361453557469079445151243412961534236391918560506465687993786519985511726869331255660348958391142665084867704720788461618404526425414341507945163335502905269959893209606846347089279591929130942152793621989446505201888231536633766441130639314552151656064668794841723162899377746851450078271219627596329984013470378589250978429407367784864641644092475986346718050407644871256561544519477558726160924250582874335482796068015002097566,221525505458912701096738010807804944122634137469321988826719936787307102642832217015686048252456442616669353924833383426380957534342706795399579241667343446121299474148048107166771186164748177449947317595165433449121952821537415482144161882828902515316064354118373838031711654913332092705134264099961721016929853010263662813899994129114581497542857549886795034775720947282535950994250545724016587260259920909620733471956833108573327986722092302628504827528066151896472860602036403685871991817341767563522844567497121205038437056010111835855433209289547898931220632966036186011083451015357150590709948856452594746873634196727043686080155122947610492802953243058968718339268647171199432223815319667739618908257193907097680562917588746755060148894404724932873246895050561864096629392645905443174594235731985986489709051564384874935857299289641939629939581305206967168920,3537825391594830495537332728265888002015034809358825277773325840236914031827290076048173436181384014986949996790079660773771910076203873249913873908489138321486548243632052138905222118791519455857685187625690014682485736060441188199636540052551604474831359373843178964057553476449069652455715607537708635493883937064849771177457862892384343708239201869449786537208908631457495789605330716491451021227946950770566938915098562872125373136675407165364293234373032870932148557777875890160870346020799933078335690352420010933503184629692179076581461933490712539013571244628635068004043608589927501720541126300895029894389564729637445019474369692571917273924266917347734298379430504795150906085991934680985151173159152972218141262576283389957122264293497658277852544374629051048162296885279595295405627740565108255756968533771554265403770865746607306087644788067281293105004158394715312,408550090508252232935297657837576205460228489918098359140955305352715762438157989807686350574242470189428897509902902797895256385988635925834049601180446414734739876844673357262648625725638559056696359013259220358841426196495562720480050407457240359557740055195668883481192562107762965437581907423708885700619784576389376449465943929270699201357959932872263604901247971765718544760435671167882162279942985190925418621614277715745406997015706484569957762943383470499907444885510518823491844337169858517986997114978683602246129450059566460362053496836444863054541138804486452585737859050798718935541191343518023216231347224429569417323246394656094032524215860114944271571764358389579974794035002834391116099619448418967184203397540446514659750479606387722917372150642328581143301789074275564350785365271533321606942826587769344362846099552603190889031837701400251504152735443136490666760,1323299430697326351208283080299791410250770624910125054788078429006638501754477653885243166995378304549232948316095856962325322906798922793499380170224346568762352091044550093854570546093102502342730648543656485061620553141641360624706505689079988667683184001856793429853472182513857231752582400589837144574794633948999514879810268286558018365854691232879588195476703436715868409067557174601343839456298472335492187705369244083454576058860170043358376416091689034452068632882880526959420123206241278965542011857660840950569708601452279327832985168434209658602850873805464448381321379260506286038480068812050459296652374858935107844417086175782819899665867845925804996441938056997924653091639133003033284965446781637634922883655184182762974303187366803328252146036512545379324662310147186403734978816893902571612808757338858787488696519011821316575063855370475443424,368284453947531413150916924293053891980188978650413131518646575588167469768849156824220374646618561235548346090154103434355325638217183534938256684522964304070378467569324804612655380270150952780688387065911327203555889614074234581683331896521734252583780565112850104508121854352899161418086909548759361780555987774581653939994698805148294984279108409964298312306543122482066578331850971321383297878049583551685083341013911150947588010445806727821580930242500493537573850705252811628737995560225038187398489902038199709969057574998714403211065289996482523163302631117583959443770367599446844228534550902092835813362842237130903238964334351420344259515326175421891618807753417208871889729730259425839156895384798468925992051427541256264437587689281170078517322323342561670113145898545074100158671761510889928624449611204071168331902727926075982081132190411285199196257806318240,666446858839794338554327786611889543600281292746399978519999703534528949248151845275659695685481331442499053778795291935081187624986161704259413813414371511323385525109753804703409036627004678555750536507589470477147501633321767861458303430467663515856157793828977327287816815387053759225892269125316675088755514569459680432328512299961374826296167277583992239089380832833507760538407769641471416160985581152197951238444132166978911973327892406338583831320475774686653312613728463060488260924742463209266034464351063234488834613666446461562593540819069639007110660699725938548206859604710331287820562552595767240110269871700483339433274975630892869594819703557503602701897272670778962095812622146379079321726930397995741530985940979961768604079327350008796927022421190547432366421621899374763414878092709443337986355745004457524014741997805238075676166942317338017518382960075425729301650465143599750382097837920980307920798990805230856440556891680"

def Y : List (List Int) := parseMatrix Y_str
def L_num : List (List Int) := parseMatrix L_num_str
def L_den : List Int := parseInts L_den_str
def D_num : List Int := parseInts D_num_str
def D_den : List Int := parseInts D_den_str
def scaleFactor : List Int := parseInts scaleFactor_str

def L_numA : Array (Array Int) := listListToArrayArray L_num
def D_numA : Array Int := D_num.toArray
def scaleFactorA : Array Int := scaleFactor.toArray
def Y_A : Array (Array Int) := listListToArrayArray Y

/-- The LDL^T entry-wise integer identity. Verified by `native_decide`. -/
theorem ldl_witness :
    ldlMatrix L_numA D_numA scaleFactorA dim
      = rhsMatrix Y_A scaleYFactor lambdaShift dim := by
  native_decide

end Davey2024.PentagonQCertificate.Block1
