import DaveyThesis2024.PentagonQCertificate.Common

/-!
# PentagonQCertificate Block 2 (SDPA block 9334, dim 22)

Auto-generated. Do NOT edit by hand.

Witnesses PSD of `Y_rat + (1 / 100000000000) · I` via the LDL^T
decomposition `L · diag(D) · Lᵀ = Y_rat + λI`. The identity is
expressed ENTRY-WISE over integers (per-column denominators kept
separate so individual coefficients stay small):

  ∀ i, j ∈ [0, 22) :
    Σ_k L_num[i][k] · D_num[k] · L_num[j][k] · scaleFactor[k]
      = scaleYFactor · Y[i][j] + lambdaShift · I[i][j]

* `L_num[i][k]` is `L[i][k] · L_den[k]` (column-scoped integer scaling).
* `D_num[k]` is `D[k] · D_den[k]`.
* `scaleFactor[k]` absorbs each column's denominator gap into the LHS.

This is the integer form of `L · diag(D) · Lᵀ = Y_rat + λI` over rationals.

* `Y_rat` was rationalised at precision 10^12 from `bounded_pentagon_alt.cert`.
* `λ = 1 / 10^11` was the smallest shift that makes the (rank-deficient)
  Y_rat strictly PD at this precision (see `scratch/slack_check_results.md`).
-/

namespace Davey2024.PentagonQCertificate.Block2

open Davey2024.PentagonQCertificate

def sdpaBlockIdx : Nat := 9334
def dim : Nat := 22
def scaleY : Nat := 1000000000000
def commonScale : Nat := 951119729063295704983747339617389993709871058406108535958439672697113298207100121628979753415863675876419879775187395213201874255482734014935417437213560082866172880412912031308601002904028490856075740563909774696901082620609532067764897522599120496964184195532357041846803089441470262107770410427423387021477643905403724285908543762148636257686705470977218635140391802564132462623524581533762459472974293200918638893939792829648838350167056272160699830695435863852765423579892854405818162781418803152613026026024033882443229690890184049671593349783081504020787107293552005036607698059205067365007240715559595831509196042162546341345247153437119371557546559652690514968778850155748969699649935577342401526483385225882939589853203209701510981487484768993348345802247964002539454501257433344586325108349201781266658777100555680296711387120216723065310861025440989329000000000000000
def scaleYFactor : Int := 951119729063295704983747339617389993709871058406108535958439672697113298207100121628979753415863675876419879775187395213201874255482734014935417437213560082866172880412912031308601002904028490856075740563909774696901082620609532067764897522599120496964184195532357041846803089441470262107770410427423387021477643905403724285908543762148636257686705470977218635140391802564132462623524581533762459472974293200918638893939792829648838350167056272160699830695435863852765423579892854405818162781418803152613026026024033882443229690890184049671593349783081504020787107293552005036607698059205067365007240715559595831509196042162546341345247153437119371557546559652690514968778850155748969699649935577342401526483385225882939589853203209701510981487484768993348345802247964002539454501257433344586325108349201781266658777100555680296711387120216723065310861025440989329000
def lambdaShift : Int := 9511197290632957049837473396173899937098710584061085359584396726971132982071001216289797534158636758764198797751873952132018742554827340149354174372135600828661728804129120313086010029040284908560757405639097746969010826206095320677648975225991204969641841955323570418468030894414702621077704104274233870214776439054037242859085437621486362576867054709772186351403918025641324626235245815337624594729742932009186388939397928296488383501670562721606998306954358638527654235798928544058181627814188031526130260260240338824432296908901840496715933497830815040207871072935520050366076980592050673650072407155595958315091960421625463413452471534371193715575465596526905149687788501557489696996499355773424015264833852258829395898532032097015109814874847689933483458022479640025394545012574333445863251083492017812666587771005556802967113871202167230653108610254409893290000
def lambdaNumer : Int := 1
def lambdaDenom : Nat := 100000000000

def Y_str : String :=
  "181900,131486,-50413,131486,-50413,81074,-100826,131486,-50413,131486,-50413,81074,-100826,9876,-40537,-40537,-90950,9876,-40537,-40537,-90950,19753;131486,281514,150025,1488,-129998,151514,20028,74028,-57458,74028,-57458,16571,-114916,12063,-45394,-45394,-102852,-48662,101364,-178660,-28634,-36598;-50413,150025,200439,-129998,-79585,70441,120854,-57458,-7045,-57458,-7045,-64503,-14090,2187,-4858,-4858,-11903,-58538,141901,-138123,62316,-56351;131486,1488,-129998,281514,150025,151514,20028,74028,-57458,74028,-57458,16571,-114916,12063,-45394,-45394,-102852,-48662,-178660,101364,-28634,-36598;-50413,-129998,-79585,150025,200439,70441,120854,-57458,-7045,-57458,-7045,-64503,-14090,2187,-4858,-4858,-11903,-58538,-138123,141901,62316,-56351;81074,151514,70441,151514,70441,221956,140881,16571,-64503,16571,-64503,-47933,-129005,14250,-50253,-50253,-114755,-107199,-36759,-36759,33681,-92949;-100826,20028,120854,20028,120854,140881,241708,-114916,-14090,-114916,-14090,-129005,-28180,4374,-9716,-9716,-23806,-117076,3778,3778,124632,-112702;131486,74028,-57458,74028,-57458,16571,-114916,281514,150025,1488,-129998,151514,20028,-48662,101364,-178660,-28634,12063,-45394,-45394,-102852,-36598;-50413,-57458,-7045,-57458,-7045,-64503,-14090,150025,200439,-129998,-79585,70441,120854,-58538,141901,-138123,62316,2187,-4858,-4858,-11903,-56351;131486,74028,-57458,74028,-57458,16571,-114916,1488,-129998,281514,150025,151514,20028,-48662,-178660,101364,-28634,12063,-45394,-45394,-102852,-36598;-50413,-57458,-7045,-57458,-7045,-64503,-14090,-129998,-79585,150025,200439,70441,120854,-58538,-138123,141901,62316,2187,-4858,-4858,-11903,-56351;81074,16571,-64503,16571,-64503,-47933,-129005,151514,70441,151514,70441,221956,140881,-107199,-36759,-36759,33681,14250,-50253,-50253,-114755,-92949;-100826,-114916,-14090,-114916,-14090,-129005,-28180,20028,120854,20028,120854,140881,241708,-117076,3778,3778,124632,4374,-9716,-9716,-23806,-112702;9876,12063,2187,12063,2187,14250,4374,-48662,-58538,-48662,-58538,-107199,-117076,184268,125730,125730,67192,-81443,-79255,-79255,-77068,102826;-40537,-45394,-4858,-45394,-4858,-50253,-9716,101364,141901,-178660,-138123,-36759,3778,125730,267632,-12393,129508,-79255,-84113,-84113,-88971,46475;-40537,-45394,-4858,-45394,-4858,-50253,-9716,-178660,-138123,101364,141901,-36759,3778,125730,-12393,267632,129508,-79255,-84113,-84113,-88971,46475;-90950,-102852,-11903,-102852,-11903,-114755,-23806,-28634,62316,-28634,62316,33681,124632,67192,129508,129508,191824,-77068,-88971,-88971,-100874,-9876;9876,-48662,-58538,-48662,-58538,-107199,-117076,12063,2187,12063,2187,14250,4374,-81443,-79255,-79255,-77068,184268,125730,125730,67192,102826;-40537,101364,141901,-178660,-138123,-36759,3778,-45394,-4858,-45394,-4858,-50253,-9716,-79255,-84113,-84113,-88971,125730,267632,-12393,129508,46475;-40537,-178660,-138123,101364,141901,-36759,3778,-45394,-4858,-45394,-4858,-50253,-9716,-79255,-84113,-84113,-88971,125730,-12393,267632,129508,46475;-90950,-28634,62316,-28634,62316,33681,124632,-102852,-11903,-102852,-11903,-114755,-23806,-77068,-88971,-88971,-100874,67192,129508,129508,191824,-9876;19753,-36598,-56351,-36598,-56351,-92949,-112702,-36598,-56351,-36598,-56351,-92949,-112702,102826,46475,46475,-9876,102826,46475,46475,-9876,205651"
def L_num_str : String :=
  "181910,0,0,0,0,0,0,0,0,0,0,0,0,0,0,0,0,0,0,0,0,0;131486,16961731322,0,0,0,0,0,0,0,0,0,0,0,0,0,0,0,0,0,0,0,0;-50413,16959825734,593609390175,0,0,0,0,0,0,0,0,0,0,0,0,0,0,0,0,0,0,0;131486,-8508943058,-313130733982,82835048751809158,0,0,0,0,0,0,0,0,0,0,0,0,0,0,0,0,0,0;-50413,-8509666231,-126578122891,82823688384599254,153682938772060835,0,0,0,0,0,0,0,0,0,0,0,0,0,0,0,0,0;81074,8450907888,110860845520,82824447601266320,83518166414327280,8095748311368,0,0,0,0,0,0,0,0,0,0,0,0,0,0,0,0;-100826,8450250458,280454128330,82821135378413930,116925464481457930,3481521426347,169094334107035,0,0,0,0,0,0,0,0,0,0,0,0,0,0,0;131486,-1911067358,-174899380462,-18732481245043022,-48404979899289070,-496808614283,-47985933242251,29925180391617683758,0,0,0,0,0,0,0,0,0,0,0,0,0,0;-50413,-1911790531,11653230629,-18736124690180651,-11656952025445355,-868691612264,-2067129550864,29922463401985194447,842491383974274279542,0,0,0,0,0,0,0,0,0,0,0,0,0;131486,-1911067358,-174899380462,-18732481245043022,-48404979899289070,-496808614283,-47985933242251,-17427320554379969502,-371827563632746806342,98527586018448197584429826,0,0,0,0,0,0,0,0,0,0,0,0;-50413,-1911790531,11653230629,-18736124690180651,-11656952025445355,-868691612264,-2067129550864,-17427839317669067358,-247505188192074575949,98514088474325268354379953,159611329323340655602296395,0,0,0,0,0,0,0,0,0,0,0;81074,-3822832677,-163246647286,-37468358856354416,-60061845925139865,-2142970880831,-34994322574135,12495279420577430905,153548472973878991295,98513770127246120486009375,86730316610749216070395475,8284597439330512035018,0,0,0,0,0,0,0,0,0,0;-100826,-3823581062,23306461258,-37472249380361302,-23313904050890710,-1348642185227,-7615780528075,12494782919372185830,270681098227071074822,98511311149368317249934198,106067234044535757346476290,3663829671657497213162,77290764412402601803994,0,0,0,0,0,0,0,0,0;9876,447912297,-745324872,4389712452883518,3122152565742405,203708123766,935854620246,-9058898077034974208,-151802728075247909498,-71421571129539155282870914,-69562122472090052904004880,-2452308097866632433395,-22454952539715347371775,4078668109231251066502348355,0,0,0,0,0,0,0,0;-40537,-1463787279,-6051919977,-14345833936142637,-11875443266821455,-1019905558210,-1824241148570,20863690813010144550,375266074828742887383,-71425343483736819891996341,-57887470538718756780264046,-894964184162851933355,-1932181364455039613147,4078223565777612690696003496,940166350807013717589593667791983,0,0,0,0,0,0,0;-40537,-1463787279,-6051919977,-14345833936142637,-11875443266821455,-1019905558210,-1824241148570,-26486781000978224290,-385556230019443936081,27093186915526542777768579,28567135342326115614169386,-894964184162851933355,-1932181364455039613147,4078223565777612690696003496,334714173467533576774145669521705,274108906530756244756770444488,0,0,0,0,0,0;-90950,-3375577810,5601310652,-33081958626323288,-23532395292266810,-1499856131173,-7372892125781,3435841236063028898,132630056399701714690,27089567099185617399043282,38775389984627525840624470,759347854951981563852,16915863544739871408420,4078165474595701653889138672,481810903561372842679801387376748,103592970019645848780864628548,1079320765883298750671793346124,0,0,0,0,0;9876,-5075330078,-116462156172,-49742488974943032,-59985771122060470,-1930999708583,-42501113301751,-3436012333332850677,-66074388577999076867,-27090089047273869793504611,-27787457907627106724742695,-958019251393004257693,-8603620130307522820195,-4078179345115736301975053855,-415247050302994480248816318220550,-89281240658566863093703788050,-320789107334149038732801170290,9051275526572032440293037854350,0,0,0,0;-40537,11884586611,290570095049,-49745635590518531,-43144764477210973,-384609515060,3308072908100,-3436078039025930750,-57803283534991979187,-27090504295647227138571463,-26422167562270225050535890,-1420671952106417359721,-6045014370460347327485,-4078157824831727730157185231,-449538351840796916336399049298779,-96654128540270246470952278929,-329400343048569770690079833747,2806066857289857852552557257460,282008187590008518633546414870493891,0,0,0;-40537,-13584996309,-243040279063,33081793019046397,40098686714547963,-384609515060,3308072908100,-3436078039025930750,-57803283534991979187,-27090504295647227138571463,-26422167562270225050535890,-1420671952106417359721,-6045014370460347327485,-4078157824831727730157185231,-449538351840796916336399049298779,-96654128540270246470952278929,-329400343048569770690079833747,2806066857289857852552557257460,13287402838758887682769696063295959,31745387059639583564428736931175,0,0;-90950,3374920380,163991972158,33078646403470898,56939693359397460,1161780678463,49117259117951,-3436312839053117858,-19609715089999687060,-27091880877486766184875852,-20117315004540227273599270,-1110935780051628666522,-4212461564894169205770,-4078177380081491750525800332,-445936183791244799105318171443438,-95879635302353214170139361738,-321913512331205129450864673134,1772713509842351381490446075580,56430028391929435602108767973805690,6066440377545628424221540311095,11819500864976070,0;19753,-4627392569,-117207978497,-45352529443190257,-56863532556723505,-2116021199800,-38083788200240,-12494832082606909470,-222745859676383428683,-98511103141820502821741247,-98153056681899724476621810,-3862574923451733369623,-29222970320709622662581,151237309747273538793311,-73822502917345139571326029713091,-15872393661007340264744362441,-162098309413603540342186867629,3160182894282440386794435841457,33184041367295475079175016486814706,3567409306309984420466030583403,20619197422393,1"
def L_den_str : String :=
  "181910,16961731322,593609390175,82835048751809158,153682938772060835,8095748311368,169094334107035,29925180391617683758,842491383974274279542,98527586018448197584429826,159611329323340655602296395,8284597439330512035018,77290764412402601803994,4078668109231251066502348355,940166350807013717589593667791983,274108906530756244756770444488,1079320765883298750671793346124,9051275526572032440293037854350,282008187590008518633546414870493891,31745387059639583564428736931175,11819500864976070,1"
def D_num_str : String :=
  "18191,8480865661,23744375607,41417524375904579,522521991825006839,1011968538921,33818866821407,14962590195808841879,421245691987137139771,49263793009224098792214913,542678519699358229047807743,4142298719665256017509,38645382206201300901997,815733621846250213300469671,940166350807013717589593667791983,12715535274215302404430040360437149,269830191470824687667948336531,181025510531440648805860757087,282008187590008518633546414870493891,471239953852631448680463365351656923,20928410019283113750745929525813,33474267500033119"
def D_den_str : String :=
  "100000000000,45477500000000000,678469252880000000000,296804695087500000000000,16567009750361831600000000000,48592629912625000000000,1619149662273600000000000,84547167053517500000000000,14962590195808841879000000000000,421245691987137139771000000000000,19705517203689639516885965200000000000,201868452481238260718500000000000,2071149359832628008754500000000000,7729076441240260180399400000000000,37939770752069097420604844398210000000000000,587603969254383573493496042369989375000000000,17131806658172265297298152780500000000000,10793207658832987506717933461240000000000,16838992989634609151921167624232740000000000000,28200818759000851863354641487049389100000000000,1587269352981979178221436846558750000000000,2363900172995214000000000000"
def scaleFactor_str : String :=
  "287423347160875356944831385679100448831324394321079879715519002348271444680595205965948366092563210354226524255876403529548912437510247313680325474702648064479070791050915976574664466313686273699684280135662146480628236751399392538405010333411727826900607050700017882325448791229325152624802450539006229572065504505828453259793650322348716806993661103697451240934122337490235813324769875190583234445295610714942673586838748711218552784102167567430223289370410862155654208636480185951589466576033680383488776908968880470375256015468991648481095927531086838643836799644179031445056826992030278653952384683719317263076939078088912077433926450612516900369661958943365002593776101831513864748924334340034276774977062659018575848111695493800824932163101085629148072478489550837624481894733197852572482785364992558641708886495748608616763351129151494006450261700900,72693946765869887466151377891986615520677485058384672829656245801967323264606991754238431906316256134380492991063226928235628740448441213715333802371701144207546461747952839884426016510939616934092220038741700748306318338911042874930849920789720053385692679048661925271138809560547450040865851016274925255005086928021186971277126658567930575600841772561350259814001690447795521823224515029521822973762405928777047772653430802600451257730401040012784836173165757077784404920197746318229289013976089384942178555086809410729354211922333191790231519078579729396823369636156839817923012384176568775341629269443437527632991461943281375286326452286348653534299083000268645895447907668717518179196413551066392186108263726437361346843965048812948208224541000789443584824892218973805798229522433991863443749202137180441880803034388465778297195348483900,3978354641687478125200404277121215454965920555145810570394401549637907369264459000180079195465121143646484295342817063269747609477570475946358962143380042901442254026740505423401346820943303637417395972884280285051227682335736254522877787156395130770530324396250499985437665689458930514237960464535485594460616188853915952564643508841827091085463486752852518771910096811780884710763777733540127750690864686205620242164649316500390744257713296864536528531885277059077665981493825995918142827105608213234196237806236527240504808197379392831225931851763822162029789125439068741103184875868293516414060221995882639527128898859329206195493050833577426955898676734009629457331840326941703177803038903274823494796343796822832565343516108410581873922067555476489695642201055642876480434532287876236493710172684042367057749520574225384896397220,467020731022494821450136877495819632129431558850177591961918092321494895467870528876968808445163317199596844720879574566902019397359973978544058800360047899748632686505384204315907563344860344160041236856881150861377576395145273526974145979472390794789926659568224714517368315116995366099150053327777439275632049467352826733809405894404361239691667977925090597642370141654756586511278604724604918455450313131775172388272034394424520159530931589304644230390597668706535432855320418606297347692261892874102646872914713416305653656978153406154582858009563774371220219581838266808559413808245459747291528968447973216256197250341470639889516997485506584095176979695072477207183073381714366517964119256996140974115386595492432312369040097228513671156263142905191550015219257698838212042712828484010948098987662654506437992847340,2430746948365339530787113556354231548661454007837477562237452587378798065645020992433448958447193471042745038064823095746014040771902136892750641433913786462874703312917617218619193662428830632878524124340109372503229822173028328505642956369566170776645615440978833947032161965808080998359780141542473319560038204413224605101136748646427668634485472795262959495877352254134567580281250169202720979543706165746613314408825692421855714669764320849006163738427257902639413977672180120386601113802222724015538762974529219553018474792978727739232624942067082141155124545490262924063296423913193840641589689524098762907836134632759363522730891037542715635043923524964813197443371531649906731222148004916837229586019280028091132579572998406129466163386873972834216730141732109944650122806371407787718300915540970736448525900,298641934437521450056708369236919262522331389807755622382413675899321306651967044135424737802588043970406905805013343152653368531727084357763906983634159147099163851705006745757573361946384238352509327226800865404457618595242665334250480142718172783414847532290802593956202671308285843976252116238953315419000068979008451674861026626633680237560619692306231142003491007552274072185168911789449206880847744701840196096238886869643999289941585038343480836800283424977672361817359087600919762045690674665018123012714844176243177145453550331780112075371953379552584571413035120080885170704364230595857425451628302843844250047701797470916424970269842080620499400278981585345617456144212173605971180028096974709226590057532802356321477780857276774125265554387268216040395514633410031954481524240296218428100179315458858380464224429633625,20544240247218041482093596653371933466349377561907494012646134134259187156844965975665624054215565508870766973744982400547810656735032434049438910588197026079394924163318044218471553200324165030044653741383457405351590770538452763071387199764149987036302024355613318871137804447473527517314557872243479283940870815644678105886943903632782666071250930436698492342462061058750193997890073406432554429094627268911462885170730629069715654431863509326747766234633100681165892813952283810385403945767854628150951592066473312221189380604165723266873950814944833685343953018655004173069645215973712443805224467011811044662427590353261950693779115016030341684084160936474726066499877607016287591212561222847292603678303204680711763482791614612843584819324781680838410797480022962778051702885755983826126446068922469644733421911915785025,12562109540160305557557800017181561047419808070845715320822675541298673559023229274614135601987203967627085849652849371493081751716371672359997163840933585093167734272158838745057560250453693327007983600766012900681861886706180389582477259887867010350689264577945511472544254791454800871301714229593425792543781103103250961401841076453274097226183595102574815922417179959950848407927332560372041251730825003696788870190563122102248259999179004769659724163322402505040263325733099544052837996608639323484116633357438413020095286595762520615137746726663776544084411462558400587413466521600072098363848776257488998648740448749945087829930718362261492184693772377405343667265142559393945849963698651318124863104696295105206725930930780469188159534309251487146255349230293587157134523484636300983080590764591372799676700,89556574311171075292239205313826531695715157597816799610729825672192517688830404866511448551019982581824061186438532480559626373512234117863641769045822042086947172260216323404736856680389122628629044418115989247563858291719523275381998568246236727207375261654456735770325514797738341467059253312665632539652665808877103177685033720702398744099603782411968570183127526878769453172809942811454668202611631607838811452759940597581397571218914411619317265710703907499605398993992438637728090538876127371649928915774415299428622321533174436108252472244165679879829821275651530071646514149146333440720313605743463226379465717458989568936841708423166531366842071194519112525173259916768980233426308184185364602528483285186843886460792614587186986040488757463211397346170689914465688029083943155655940530540427750,232586248060228085080850955532847740325127541567514545537244042631781746615658750325673581387547250144690434274444514964293767377372170652507894908646141387322796007304118134678778819983540588694107925790192895443448963489287881286576191204550393607257178259108542307915399174582270571753571473268493086767874620769221142580711196493569389564387675983505722687716642671900572892652154547298737017863669483488239939056512914178157883640860370428014611651642062106518466405549819939729494507441725380335882045132717449790005732034452222083609838029194519312775050652996931304163090243471515319548058735472594714791615108907756971733810808722113207737463353879539651766703160259887444638011650991063778903349670103076831484366311615867660455256431573530779264814728113000638041831518476266551592750,1894610426228716226476930357396658794295740348537694106629018741006154568610378777881681986308053937482716061967572086117782986877957638028872400301267683121653547514924656139454561649397638521262118473266739441666210285174410103079892388481252094040833517081755357537283127583254212858165803032967303045886058786679413799673689624572591978104824273183467882980126593140852043050816161999264908068321102300429899605528800038192014674447037266842817668907802421954726096901578523042732673969935659663726670135665560702420334708522166058857882597670149152262076981758886876947333478723634813519486610668643197277789214600679112311251850434487430489930870691938603667081539678874205638993767826475064061638999065163510349422757972126831386395361268190663272648777055513385466574152131500651300,68647372013956367282114490808351870027593506944717936358595610588752969364606661319891481549279077574427533605243843673557379290440246866048368517126413364964375710560647721260723004300394913957177331722710005602942145809221532818834564241066356243293637061696926063347726329786567327675971259488129431159645634461598723682319434884389482200475449429772414975983784021971688219919019431082918420082534080217292601753132318216997837349521192941837344252216504501727803724304309614761542763372768072576347871341305520747314204199524348135259180917721985702580033596307133562464540095580459126632481792453151001775545944635678567190845848033688733993272451336045778475801598583417176376711670776864891577444015646712228908749997372908041573846207222488649012488512952964760090573672514647813850012535078500,76872068316625082694709267761195984147099869885350411915518711921881311959309703326787393047393442129611659584905808707274014093748068941681078804019772571445816407987991207299899210254506760155209625008282928670648734138297545260604933698680478288431851811320187157835694354344659378314583747186618816086652018900210556191787486037433311383679012380537846405168242665199014183738320724329873862399960616366781405566390687421951283433678975625463622302581333060240764194957551785512463105372735362742677694509796119910872641381331363454876396578627546217744379024477935550573337719525433255375521116907510539757937457834836141360173786658501631703384768052248659565591348723055609684047727366014087454326245735176692714635833807366191060954063952080455314196482834940446309370949853802147650342554500,7397259485477283385750117027916401747709971703373845253269006289302556539382762131106079638004703562130786920535264482923481028013443091425667109578088260151576536982049502329719588209049753329180420629908077726638367312414418927301935165585035549038533250757790043677098471476314001924249552135005441588883553459367747904895895433373500009472052071037687055283754892863321771132544815270527037916273545658936119697460876331708486885034798436300211616153539746048084901480669244882587631637888212741174229871300259869130698794122229908103771486559393261566729574829095073981312213193607642691987649836746245978788736702700130853862621573244326097818480247530759269628365530989745038900700443266765146475272695246356409106255901599738403250365875846998211556044512277135870250773275709415400,28361623083036651714199008253465077905526234245929040048753661332807596060792906150033405120999130972153458352408865667762508952069587277423282387926342821083320483415117785621109846283257678873209015872244986121967826230690971088102613285954704826249942148092033472572999468639724919370287404954226456363288384129305930812015078913643662261035534459926941465260198435185685208534561778551233750152064223432396590786837227062915496123253659000284043964031922611133255126992595422648115603673878037261162501524640392090772726366987025836131174634867039971210129373307566920949719856921888277564047589244915568881966559922551292841794857424707363401213123170715893057923504294828701489440299893991893073468545038951800461453033930125005831182880163422787644640328033074100,21542900483111167094703471049470376672906241803545973097402668535001264132102968713041140691845826751797071470437773072625617897290044257478613893872795163653757939891183912536199295064221335870062181547021884335535093670449165983066923814274794172149381612593609761049799956331761601675479628832323089422179753624128198285414885206006168304774935471803096487263384419160554126692092390337044991049281824079779988239525413052729019273262127116826862641237859820197431067195225324663604063655709285399522709008367001539212095026357407269062033056626719172569667436581583014280181001408715887190297333362636278021781415868654612137270445971023521541111676476603812524430614212439714397004252039697658097510843637704883601429003050297029585395760604415124542963064608892985967575,47657467469302770921287122453535118427493404896188575204088779050065735345240872351899774914752227472722428348835698420390046369723509424312923783495189869953445377995432800100173204730652137650127660050753162401953839595698731806010313101325846819129286097902648873966445045442968714859423596699245693052251187417727188500500930138066720735684529216751933608408934964232178484939201370230955735499501791417790069586356640613066499973636011558610922538826506995895068102924324108412732605456866847698187707089713327289654056074939164906176567546134349069714302621996301613722495479714172761163628829305456726318874914482336334863997480836661889696112373607465703854208978120537084741016326543495392814738041544787937311227792193091987203636551165345243682754895133479793685306125,1075635400291456667992450417216575706784434521974688577140999406736490908395199943169895400493677976354515866025943105730408331415334852710814034702442029460691683410893643568739602109422866919063877349222782318508719813410478597292535119185916194746198803380931746631316548946916701115856147413446682946260798016670175523134727272762175852601374551493413865295184699863222689001701289781050163991474990734208003329246719571205728331130895921512811703253210429704681873117791517744206723101607435626384647469712894547270899780745583297328758792702467961231976019120687128977475440926340279767835850738865836361457983837016272196519250684892015294638558335533276181480882696492196090367793219874346874198584017402987533681141128744125095896081135157693672762831373035136384512110,710224482994928453482775092255462296864926841363529289441480603228436251808602458564023662343274074363706235103552287578730908196151127601376939452835637965433795173241107592826053666593110149786353034088446613357367504745213634964534048270411887368424326441317760809036304770816319791621334595941206901602038240395944071791385993502857500452150039124758683909543309832572146996303619910712035996807928600991682493665415042761127281352387126173268303611210686067886352749921183776246397687144247371190291320271573331491714489582531757782883736500461147192399122903554543302366347391741021647535610882339387040363989144948299844182248781560028763650973890973935561696563548638904307580365815820356792546507709998354512361436554800739362401128548901723673038617850,33466648290341635222133985326131952047321418656526936701012122841709706052530236229328143227055730823789587744801075984592893339917067568165799125970305670737653482002899219860017414769530231223108291198041920447917659039275564005269495328805894260702867102799398803252889734894892546568412333992200229411889142859803435049294040329550368572499131090790043698566479921544590820107643477442525910837592383753215036097566881239200380337113796191331646882044056803606202712825351782621848970542955980170269209340499471942707304200170522859352164239824524714226857791186883368734854030915774204755986713814196032893148130358397259912550458308256603261763074490901211091338982659366627027937963887855518093299069800795433208697068003087894928483336468731727168572190624231856,4289298650138895991522172520554672517243047971924998392286413577158747627994269071248125712097254758297193564362346988370933937672650130254952346752048086347238030700639162109085619782304087911017901950458188341952020080235972022471845044187144513533631680287672034872263593473632542196949540900674790550418795911748574171814182200756391280785378452944351207875588021304127668350785565736288497062198333412206336438014947959840594710184010191961959788282767377110056288044026864607974837875725045651425090596723837302417667438114706090964710199021327342908687586103523982385464224530607727507041533725038156304280297110990052261938579905786745929974463564097024204726922405063051589080716199141560713357143373867333006386826188149143421245682023021626695627014198595977058023095220518965784021616727428344,402351901289539505940600087977074531789430744762356236564678448308278815486470859545851897930230458619249808206744069135139130670203436672079388643932440727866571183560923340646129552955686875740383330455978290296636563898575946617430820757044779151554891192332807004322389337954567346900913725577061904175464291985052236969969968257321546600591685135008300724971663822385044026001456450776360863715030472352632115457195108100796680358607287594778222603532947259204449539655939333061934459458856861581854588309450912647355799215815882469043031016047868215314687996586583481665607157008510724119503659362520610275033902492522411012435955100098314453089477857838955687574373764418891948926710769543526590904614610174552588906701100317660910991272984643500671570155192919027423840292482047990537603886385398032401133587159997007896009461817492334668723500"

def Y : List (List Int) := parseMatrix Y_str
def L_num : List (List Int) := parseMatrix L_num_str
def L_den : List Int := parseInts L_den_str
def D_num : List Int := parseInts D_num_str
def D_den : List Int := parseInts D_den_str
def scaleFactor : List Int := parseInts scaleFactor_str

def L_numA : Array (Array Int) := listListToArrayArray L_num
def D_numA : Array Int := D_num.toArray
def scaleFactorA : Array Int := scaleFactor.toArray
def Y_A : Array (Array Int) := listListToArrayArray Y

/-- The LDL^T entry-wise integer identity. Verified by `native_decide`. -/
theorem ldl_witness :
    ldlMatrix L_numA D_numA scaleFactorA dim
      = rhsMatrix Y_A scaleYFactor lambdaShift dim := by
  native_decide

end Davey2024.PentagonQCertificate.Block2
