import DaveyThesis2024.PentagonQCertificate.Common

/-!
# PentagonQCertificate Block 8 (SDPA block 9391, dim 23)

Auto-generated. Do NOT edit by hand.

Witnesses PSD of `Y_rat + (1 / 100000000000) · I` via the LDL^T
decomposition `L · diag(D) · Lᵀ = Y_rat + λI`. The identity is
expressed ENTRY-WISE over integers (per-column denominators kept
separate so individual coefficients stay small):

  ∀ i, j ∈ [0, 23) :
    Σ_k L_num[i][k] · D_num[k] · L_num[j][k] · scaleFactor[k]
      = scaleYFactor · Y[i][j] + lambdaShift · I[i][j]

* `L_num[i][k]` is `L[i][k] · L_den[k]` (column-scoped integer scaling).
* `D_num[k]` is `D[k] · D_den[k]`.
* `scaleFactor[k]` absorbs each column's denominator gap into the LHS.

This is the integer form of `L · diag(D) · Lᵀ = Y_rat + λI` over rationals.

* `Y_rat` was rationalised at precision 10^12 from `bounded_pentagon_alt.cert`.
* `λ = 1 / 10^11` was the smallest shift that makes the (rank-deficient)
  Y_rat strictly PD at this precision (see `scratch/slack_check_results.md`).
-/

namespace Davey2024.PentagonQCertificate.Block8

open Davey2024.PentagonQCertificate

def sdpaBlockIdx : Nat := 9391
def dim : Nat := 23
def scaleY : Nat := 1000000000000
def commonScale : Nat := 3515942255246560137757820014518379747334974420534310034260040638358342738219969376761382240418447799333351645273276521064681391283630743731406717934820127962707653110343942967803371971217893690546455334501957546464422095771922001831455819047888757657477781565178753587256656936501399901572287809492345586092438656119524691152897737988127340618574373953105510086207031722472855215292522945094899237304075156713102595756253889964167150219143364337446640558340734960051181847847527978758120621426215547420436268148057270385976184543029094286920751795893595593426093500743906380956257634970685308211509181810200150264785927515074707857178089038045543167130453952595746162519074307171342216622909131889538339753202750261144322055150758935877397964207729977989071455076166083303553198781580833730365506910003107204958654271072364246626651721621267740488981218557371650182930073027514678784401220362501744686564046400000000000000
def scaleYFactor : Int := 3515942255246560137757820014518379747334974420534310034260040638358342738219969376761382240418447799333351645273276521064681391283630743731406717934820127962707653110343942967803371971217893690546455334501957546464422095771922001831455819047888757657477781565178753587256656936501399901572287809492345586092438656119524691152897737988127340618574373953105510086207031722472855215292522945094899237304075156713102595756253889964167150219143364337446640558340734960051181847847527978758120621426215547420436268148057270385976184543029094286920751795893595593426093500743906380956257634970685308211509181810200150264785927515074707857178089038045543167130453952595746162519074307171342216622909131889538339753202750261144322055150758935877397964207729977989071455076166083303553198781580833730365506910003107204958654271072364246626651721621267740488981218557371650182930073027514678784401220362501744686564046400
def lambdaShift : Int := 35159422552465601377578200145183797473349744205343100342600406383583427382199693767613822404184477993333516452732765210646813912836307437314067179348201279627076531103439429678033719712178936905464553345019575464644220957719220018314558190478887576574777815651787535872566569365013999015722878094923455860924386561195246911528977379881273406185743739531055100862070317224728552152925229450948992373040751567131025957562538899641671502191433643374466405583407349600511818478475279787581206214262155474204362681480572703859761845430290942869207517958935955934260935007439063809562576349706853082115091818102001502647859275150747078571780890380455431671304539525957461625190743071713422166229091318895383397532027502611443220551507589358773979642077299779890714550761660833035531987815808337303655069100031072049586542710723642466266517216212677404889812185573716501829300730275146787844012203625017446865640464000
def lambdaNumer : Int := 1
def lambdaDenom : Nat := 100000000000

def Y_str : String :=
  "160722,21229,21229,42458,121031,-39690,121031,-39690,81340,-79381,121031,-39690,81340,-79381,81340,-79381,41651,-119071,76613,-84109,-62880,-62880,-41651;21229,307167,-147074,160093,3211,-18018,3211,-18018,-14806,-36036,3211,-18018,-14806,-36036,-14806,-36036,-32824,-54054,-106040,-127269,179898,-274343,32824;21229,-147074,307167,160093,3211,-18018,3211,-18018,-14806,-36036,3211,-18018,-14806,-36036,-14806,-36036,-32824,-54054,-106040,-127269,-274343,179898,32824;42458,160093,160093,320186,6423,-36036,6423,-36036,-29613,-72071,6423,-36036,-29613,-72071,-29613,-72071,-65648,-108107,-212079,-254537,-94444,-94444,65649;121031,3211,3211,6423,238717,117683,36158,-84872,153841,32811,36158,-84872,153841,32811,-48714,-169745,68969,-52061,45639,-75392,-72181,-72181,-68969;-39690,-18018,-18018,-36036,117683,157375,-84872,-45183,72501,112192,-84872,-45183,72501,112192,-130055,-90365,27319,67009,-30974,8716,-9301,-9301,-27319;121031,3211,3211,6423,36158,-84872,238717,117683,153841,32811,36158,-84872,-48714,-169745,153841,32811,68969,-52061,45639,-75392,-72181,-72181,-68969;-39690,-18018,-18018,-36036,-84872,-45183,117683,157375,72501,112192,-84872,-45183,-130055,-90365,72501,112192,27319,67009,-30974,8716,-9301,-9301,-27319;81340,-14806,-14806,-29613,153841,72501,153841,72501,226348,145001,-48714,-130055,23786,-57553,23786,-57553,96289,14948,14664,-66676,-81482,-81482,-96288;-79381,-36036,-36036,-72071,32811,112192,32811,112192,145001,224385,-169745,-90365,-57553,21827,-57553,21827,54638,134019,-61947,17433,-18603,-18603,-54638;121031,3211,3211,6423,36158,-84872,36158,-84872,-48714,-169745,238717,117683,153841,32811,153841,32811,68969,-52061,45639,-75392,-72181,-72181,-68969;-39690,-18018,-18018,-36036,-84872,-45183,-84872,-45183,-130055,-90365,117683,157375,72501,112192,72501,112192,27319,67009,-30974,8716,-9301,-9301,-27319;81340,-14806,-14806,-29613,153841,72501,-48714,-130055,23786,-57553,153841,72501,226348,145001,23786,-57553,96289,14948,14664,-66676,-81482,-81482,-96288;-79381,-36036,-36036,-72071,32811,112192,-169745,-90365,-57553,21827,32811,112192,145001,224385,-57553,21827,54638,134019,-61947,17433,-18603,-18603,-54638;81340,-14806,-14806,-29613,-48714,-130055,153841,72501,23786,-57553,153841,72501,23786,-57553,226348,145001,96289,14948,14664,-66676,-81482,-81482,-96288;-79381,-36036,-36036,-72071,-169745,-90365,32811,112192,-57553,21827,32811,112192,-57553,21827,145001,224385,54638,134019,-61947,17433,-18603,-18603,-54638;41651,-32824,-32824,-65648,68969,27319,68969,27319,96289,54638,68969,27319,96289,54638,96289,54638,123609,81957,-16310,-57959,-90783,-90783,-123608;-119071,-54054,-54054,-108107,-52061,67009,-52061,67009,14948,134019,-52061,67009,14948,134019,14948,134019,81957,201029,-92921,26149,-27904,-27904,-81958;76613,-106040,-106040,-212079,45639,-30974,45639,-30974,14664,-61947,45639,-30974,14664,-61947,14664,-61947,-16310,-92921,305002,228387,122348,122348,16308;-84109,-127269,-127269,-254537,-75392,8716,-75392,8716,-66676,17433,-75392,8716,-66676,17433,-66676,17433,-57959,26149,228387,312497,185228,185228,57959;-62880,179898,-274343,-94444,-72181,-9301,-72181,-9301,-81482,-18603,-72181,-9301,-81482,-18603,-81482,-18603,-90783,-27904,122348,185228,365127,-89115,90784;-62880,-274343,179898,-94444,-72181,-9301,-72181,-9301,-81482,-18603,-72181,-9301,-81482,-18603,-81482,-18603,-90783,-27904,122348,185228,-89115,365127,90784;-41651,32824,32824,65649,-68969,-27319,-68969,-27319,-96288,-54638,-68969,-27319,-96288,-54638,-96288,-54638,-123608,-81958,16308,57959,90784,90784,123609"
def L_num_str : String :=
  "160732,0,0,0,0,0,0,0,0,0,0,0,0,0,0,0,0,0,0,0,0,0,0;21229,3763269471,0,0,0,0,0,0,0,0,0,0,0,0,0,0,0,0,0,0,0,0,0;21229,-1853089893,289233661162026,0,0,0,0,0,0,0,0,0,0,0,0,0,0,0,0,0,0,0,0;42458,1910055938,289214939964146,28651457270,0,0,0,0,0,0,0,0,0,0,0,0,0,0,0,0,0,0,0;121031,-157942819,-23915227824523,-624338401,54186145517277988,0,0,0,0,0,0,0,0,0,0,0,0,0,0,0,0,0,0;-39690,-157960782,-23917947728094,-1579607820,54178120659632860,974339554096298154,0,0,0,0,0,0,0,0,0,0,0,0,0,0,0,0,0;121031,-157942819,-23915227824523,-624338401,-21264516103168202,-433490675537021000,5849212499507231367634,0,0,0,0,0,0,0,0,0,0,0,0,0,0,0,0;-39690,-157960782,-23917947728094,-1579607820,-21267326395590190,-190607911920459788,5848237328774124140230,735310145412481932755638,0,0,0,0,0,0,0,0,0,0,0,0,0,0,0;81340,-315889604,-47831056168868,-4113985829,32913938523846257,186838471259238157,5848330134802599866533,374716520982975474144801,41938263280092770889,0,0,0,0,0,0,0,0,0,0,0,0,0,0;-79381,-315919931,-47835648192227,-2204109521,32911090984529818,486616286426059000,5848058154671900698642,555807462067759654376000,13720441844218765679,1893706055796414686893,0,0,0,0,0,0,0,0,0,0,0,0,0;121031,-157942819,-23915227824523,-624338401,-21264516103168202,-433490675537021000,-3778640628967550132738,-431060526809960460274000,-9586387622194945183,-831314408789953486511,135760342542787042804643074,0,0,0,0,0,0,0,0,0,0,0,0;-39690,-157960782,-23917947728094,-1579607820,-21267326395590190,-190607911920459788,-3778950397078347693110,-284342971302360488922084,-11419922022410612740,-343538013544674380096,135725283965037024794511798,2092794759250097493672900091,0,0,0,0,0,0,0,0,0,0,0;81340,-315889604,-47831056168868,-4113985829,32913938523846257,186838471259238157,-3778857591049871966807,-383317273026634417271473,-2188132390379709911,-245855445932038008142,135730000854779419018820831,1029751578864846621872877872,121181255672029218589452927897016337,0,0,0,0,0,0,0,0,0,0;-79381,-315919931,-47835648192227,-2204109521,32911090984529818,486616286426059000,-3779177099939307539486,-202229966669128182160598,-2306741015198176028,36074799617013856712,135722920937972271645645687,1422052491109357061060913208,33023289133470630235159547558254343,6027794602746016542200945030,0,0,0,0,0,0,0,0,0;81340,-315889604,-47831056168868,-4113985829,-42531508531376793,-652992121653851857,2069633488363590917423,25176651533068174199373,-2188132390379709911,-245855445932038008142,135730000854779419018820831,1029751578864846621872877872,17406478154701446200332907646227001,763359412983116697325293875,6173516672666640732708549711,0,0,0,0,0,0,0,0;-79381,-315919931,-47835648192227,-2204109521,-42534728539637742,-353218318915853578,2069342853173769277130,206265840141022379677044,-2306741015198176028,36074799617013856712,135722920937972271645645687,1422052491109357061060913208,16236785646818228729244810675734789,1263622903612522394159903436,1489414358908702510001431034,1467947849637265253552,0,0,0,0,0,0,0;41651,-473852019,-71749251160923,-4738520190,11646331640567345,51315057642353379,2069372893296447686805,123651137417062381278647,8375374890233655216,147781224548672112189,135724918013875317652300842,1214316271363008645689131935,40767435870197284624969674734346782,1496434575817277956374470611,1688306738791080351274956559,265959217909237210492,5200506674040266757936,0,0,0,0,0,0;-119071,-473880713,-71753595920321,-3783717341,11643764588939628,296008374505599212,2069107757593553005532,271464490765399165453916,5258341954333015047,572644482712824284523,135718355009388155854995170,1487872903543972873095387716,30374267182735049575003651507580876,2504864126119179115570162316,1118323909870659921253005852,488799420033596046252,972595621811493519028,81875635886285738955172,0,0,0,0,0;76613,-1436187589,-217463216163613,-13406786101,-11643356319296652,-339351013344113338,-2069069044319399399788,-297647106858383277808234,-5508491190704576739,-415432158069114553407,-135715664383454586534248414,-1586382506333816886483042267,-32839743960023844827805568460405406,-2021687261865186243150283928,-1278032566469915164588218472,-384924145313995861066,-1235030807221589593350,-25492254984720643103982,823190227666374240488194,0,0,0,0;-84109,-1436203919,-217465688803223,-13406949401,-11646242360176002,-68470744802486128,-2069370419710940534938,-134015197341927785471704,-5793927553238998659,-84612632757957637995,-135723901880959888511665675,-1248125115974603341425573328,-35096948305009881327551157873047071,-1354762938338441341838297896,-1446799304721757442016705792,-242865912620351888637,-669130863025119858495,-15457398625107494117955,251432517713909828367130,27164239998324224648992549,0,0,0;-62880,2326941912,-217471865769533,-3856669711,-11646469176644322,-32350135332805394,-2069382528913642955018,-112194394899244548266042,-6324874021022425215,-215878824306901618623,-135725041316045040546374295,-1167452376883929178322611753,-34875638265593915740727199077148373,-1743715150091335848514563660,-1397761888844789599926973156,-324453367958058303895,-780015621184308619521,-13113048933595111743357,175139933672342243470161,6450325849632178829858224,431872618344957716380181401388525,0,0;-62880,-3289293812,71755428127233,-3856669711,-11646469176644322,-32350135332805394,-2069382528913642955018,-112194394899244548266042,-6324874021022425215,-215878824306901618623,-135725041316045040546374295,-1167452376883929178322611753,-34875638265593915740727199077148373,-1743715150091335848514563660,-1397761888844789599926973156,-324453367958058303895,-780015621184308619521,-13113048933595111743357,175139933672342243470161,6450325849632178829858224,-86376042513151268358128403885233,760585173905630252926362292,0;-41651,473852019,71749251160923,5693609979,-11646323524168132,-50411658951580084,-2069370746071709621908,-123105276012067677726212,-6798815529515088281,-178464374908907127031,-135724592053080142065820045,-1203393465492909106266322027,-36541371753424086324388680881145035,-1613277063417680022919618862,-1485982728308383686014575230,-295259305460625261189,-1415818651223197006379,-16870135594781281858799,20430737033665879622208,2916718215529407007091713,56820584810179234253867962713339,125086317498870083398535089,1"
def L_den_str : String :=
  "160732,3763269471,289233661162026,28651457270,54186145517277988,974339554096298154,5849212499507231367634,735310145412481932755638,41938263280092770889,1893706055796414686893,135760342542787042804643074,2092794759250097493672900091,121181255672029218589452927897016337,6027794602746016542200945030,6173516672666640732708549711,1467947849637265253552,5200506674040266757936,81875635886285738955172,823190227666374240488194,27164239998324224648992549,431872618344957716380181401388525,760585173905630252926362292,1"
def D_num_str : String :=
  "40183,3763269471,144616830581013,2865145727,13546536379319497,487169777048149077,2924606249753615683817,367655072706240966377819,41938263280092770889,1893706055796414686893,67880171271393521402321537,2092794759250097493672900091,121181255672029218589452927897016337,240216314835378902532383018069461799,6173516672666640732708549711,36562400310735251136867282251,325031667127516672371,20468908971571434738793,411595113833187120244097,27164239998324224648992549,17274904733798308655207256055541,1813838008487636211359455077834983,9668205923751192721388017103"
def D_den_str : String :=
  "250000000000,12364000000000000,627211578500000000000,95508978900000000000,93117236127500000000000,13546536379319497000000000000,23764379368202394000000000000,10900805112718022094227000000000000,1478911066262431054000000000000,83876526560185541778000000000000,946853027898207343446500000000000,67880171271393521402321537000000000000,4578337614025431183671413588797678800000000000,12118125567202921858945292789701633700000000000,241111784109840661688037801200000000000,1929223960208325228971421784687500000000,22936685150582269586750000000000,1300126668510066689484000000000000,20468908971571434738793000000000000,1646380455332748480976388000000000000,987150654678302189682361150063920000000000,107968154586239429095045350347131250000000000,760585173905630252926362292000000000000"
def scaleFactor_str : String :=
  "544373565181907829316850202914054865512035173529487179537763600198421096734184594140162760859333059770908216923303390080104515681998471167598193893245392840333500562964891623331064050686518345775982350092012557107206907230629895142759698064239530853144171113157285755630663131625461384777261275993543234871994398633420042972058999661343814355921213423896363682448345400819430809285511676765831144036340085830365453494519765717811811769200256612599688344536375638736207343503292011187241432039486397274408378570346563481909032653819259908422381950047238868338491296791197019051982718682434085008301821107406586995865689771518058883726753415167631944555084899984343856796777182233674212604680526201656479255107586376731599705968597676015568427439470082546990937663832245421779077525558610588292985051605548966339450172125846466818817590932352847419696072460469382578518645794697053885982458891182944400,20079463403178076065325249480117730124601288174680974233038887870793696750724751484946021546703763869560251741043285560007053766015002591364511300625631931177140859032873097954795144029819393813724918646409705643666876493465665783497471501990548964234419347571179189464124653119179099745446442762161120779947278744783242621708684368726416287347948488323954882464854662191899771416477970890537443286402162863773998618866098950600540346929734745633659103192239263823786313359257361149037916859121537603142356524928778741577778470912675649059325060769194161360793010993308945504694250870099383789755978179719756001095762133647221944474503493905914336983305202763349790358291511965360759723549819608039585495229302222701931937311563153526935736466679148718775578028806241056402447685799354831761606876066039711113013451359218743162310475293753966964482636254700025031204583206859098169303600,67008515517154067762483740858890300855837246019699717661548321804467430594715947278100589870929446550618927862098440988006739218160908995524854618130988535654139871863922129981758650625915677760993119634796885083192739968523433315917617400194352461910829480739577311518811543655110137228932280210171174863810471498617156763052913358257797679450282475137938160827844684830848778092915399573373951742223509229861529742979316579705552030813234095416549040863026644903364936642303293945292156405118904908926213261136370817867684575885777395476805197988124980252394570743501483183229203874935215123546389326187309977680530257844057184529856705247425246847165990396572705281111719096628461989573721411966272498024797979933273692674864202784824941803781647999868778957077581869427339030617264486866804504210931247127267882402892645968615375867861841797992110089187695602302570400,44843974802024489900114029163299921801722010115586376298023502627505407344337063981761716260815148160181515178653749623107761657275391649638501252396878905026208690704549972393970370997066484206701165380147728141571098880600717066109555786941787425071240224597175589588180281754301965508819630511893225552876982946660285384313087740199856465842376360146387582900066368970825111181009960730602280113197963356152357177121076777851309504594989612020370019787247867295818842116147391968056973663727014839486898261240799509684913600292953586006762304602022865723284884972284068860301933036757820087856814382785609522751469522468130540794176326375509118569754303589767318813012260573078620485808812291699131846740906772414434680664260402037136302262301939303263930796477316074080576535029030870882876688143644273388395693972303134643729635841939248384358277074280601818747964656774577440,12859827376547059374889610493455064057452055990557729049935794449313407892947950045158546303552677135137308404837007099478652377968652061739927805285464610264747748164386857658601705837218194121751143543740188204498294660925106788692684810347933145269139880573516470418772837363704480626152480956546839466268592413896687817709753790529896645094553432013210821524205754878943763793459900825763934701395752972589114144070749750951376853926507733368869101586813262698438952664768404194931330349431164649141626656842887109637876086780872510349864022222701388247346098900191625925194356716928225901824271722052451782754485805082265890575141560325936382184474883671046265995928120000638436322874457281677929889330586818986162284718884971964394507228375457674058423306437679709594499091236564870462147893390127362391295963424467654441233930691522348607409889140301297613240,273396404791377060460432166503472953800111238540787186181771163522276434972925508764753290824366652822364855573077399285861721944140573788055452639203087650074504776208802326989921632596161416080548671296055251345144348113300228558126249679475803296539219109858977951867206578879662414086973293299010360686724978704372731247528802989295658849663681214106947170041710516351209735824577608469209461000946860976464654437519517953755782709521794906532050822410522649075413036561664602766962083890613881293512076903571309689094161006176346080089211112053836223887349543484973735925269046472624776627782891885188787662947530065098886441630943060123754391562086892546739869821840111509240146758378947728122833167008975248924101324643572601138498650639820323389881342181967013872344060472325225146744430880537419395593951086680063829427814981306743842834269265613200,4324346226552857111802384060460927169419273749199566817927280816971575707750695936689727271125685376560153814098011274338167703798529650618336185168739335664348720864495351770345073314851185333840601077596041135726852015899701744788380170554407072930189080185786483622962813939646848799285802177944953645466449795131928015429782407828991654282669273703102177240637798449733063778928893537429917470789533583085786026937391075056988042612027660111707251759051325593147349703801760134143305328947232502969692163762970199159999603618567234556761529216492568645332633899792279712657883390474456881293251337487957330651690531190408303583519940959828041417779231048363592750604715348741508281450495598099833575735830069431815595730522574213155173018830064587649313935280300452537864644251137724882885799341641068933956298990428215570506873914036612641482600,596543395819769276841824998313603176823141827372823603513874651090680650907765159410701932371451969661030718636556848771099666900308217657504039697469249442980667160665146697846509761394277096296280358616075323581476289704147976517455752046897010229008546961876133426157858860765408909253858077769156298419683288884559153400379657782549367218370179564312777650521981229143837810247907374474109563025532017966693604851839664816179379902836950022425994012244391240847218141064351821212824284257913224438466803683733883107322549737092201457953522514010977874738846049215881402543589642198453142316314548886931174868293462448057074851524793253482854306923427978097753067514874313111005226360693512332246785498950931172700707310454933221259213810396491472071706935485776530405193909175404967965479590510065622990845383452795121850164469855162800,1351695262083634643764361421047497664718080249003202490092039346417430569173598606351831209825951219204934474276000891710649821383935191599632395756597852779099899362346793698832750948141437595684618827327722821211901053611224238751896102267173561681709045002511436509449979836028083153200641993697679432269703351667364019415528992015853652461481635940545184647558969675850876264177844930608928734377333675186345418470863842369645549668642423317483786870493807148708868417859890752968225774561347670826936062531283781199519089078322798483118563783641016646583436244988437696306574137900357134395630592163926611480348294210577939736290856496769162256458695248536791826599305750587457703554633813866014228348845636739971897008064988981117758996450617681876638948981469137774352047245820981019810933927758456605060673009267002074188240233326965851432069600,11688967747565351490288989578303383425438656803318619754282332601456597696765151393562523111745798714194331576289108026230223456791773853939395693218093038328689707300947954654871069819999456470565311121857817691402426175536866433324647739322059243310832825660413595695555786376930466190219585874254722067448661206733752785635718755758729001332736999438207369885169854403804237329456302720910806347503022753074401686103594374249300861764783525716301818236028167751889609824537155061083577708884184862269065286949481704707583446362397462197539526592447123866930698539966284887127709792493500028334556201189904050371447217494349492817255772941352522943987116009079710551773725104630441728322239761155724289011929511381449013111423911326355573171234369429365525917104817299122051837755710984777833518735305716170255123489743911272824383179545521831200,201471356818572722551713910416297509517056665979793785839588502395134289048062941682962926010465659152126311381857996823578884203594641832102043197521172847635251698830440576043464725637913744865354112506079896944345893321964679589037063640240792291092323276789423918481757730016066226029744549214911799400910911313810746834848765317195599568790500939245429750799862678297151451561509648950998874717721976496675823482522778889023823264696296740804789404476266378649174075003649303832015213684451600478567977273795875605826233934835736387116177781252260438822185517940717488179696329843664460816437854367824588743901536223302815520195712208243018833522907862862548811975618423467249024218502913476273725037811566076134198165321858226338237218014431106301602065312565338124246010495114827742072163143671695472597389149824637358046344989600,11826208353998733205487532065788226615162403427590440649487329864826713068939741496811102844347307154101647999042137208666639421038237717308028651918268335216712782856062527684024566619550555515583792099461481623878796577685755295997318478559075780092869968354222077983948084839155980267801984868814830668609845306472697304634068087173504949300949557281611945282819890881758230316521106960278597063002256371820567290537253685262911988294855365536573037417233087105343602757156806894343188077375340194976437972273903864819553128995746614877040581004488547933955349479821150596354184405785682383741172858033114647806350716465271939451055742636951350942122774532845794795002694557995111943345934115486940304298420980361764551672768178245717811627809951724906970331073609383560822943959683878595505851632473476894336710289637710811200,52295343743961159869710341449336296879859623168291144373245403749055987729495094483525255813620624120846767846317211971858657859664245664193743468709225062870926601954752660067265792318929447762738934904666362980237729908733023853170759190614315998940969269886755406804665925027917807745561217657622366082138035049216898691322827702463608533068117883322324353515948735787566524414750251724064398062108644266499216926464628874779884801792727759121674630845252165573960459477509217482121048369779227760414242285808711304024944767137645730096224972493831783939053242291871019462289261705794495246034894508766683841903480726320810130984795968556310193816171100495714825409110772281237095156039275977196442979668357327576621219794679627033119680230145168846258269410555320233585366557594667428905769561425012000,7985266131969194322164167153592998750319051698910668328674188252238095790649022642329285578108009285271208474735257154353969703982836749049923703238665085707033607909598069549892798846326095564360869046544669940260237349462341016849218686488933120123546204670599132283902672143049546676614492944352124722697334717452366795647049616100557732387159236967106228335242192029561493151945606180555057734060716354238857903907477325659742578565675739883813478877724015501057325355481891470236225620914520363736683611503855451700088267086786698468560126783459766545204590011969830140219070251938753613580671217040888747952480138958052470505373822730758417495220758696716034444498456445897634507760870348868045001848516151033272192482620113331713252933495304603043902155340394785479822084434336210391265511498008538294908740434080,382611523848436422560307660290051934870278914282956631502112398746361081429285460264248405365437390074921308584326413271408891709643593092471268065511042733625120531391437655218752731912481406715800789184748303737421136250001379276596763703491665376086950510873592539386347326160650344040100215809483487510496545036778609144631582852382106760770125773128173536006801962473319255205074537280245485567163565807281239821720113240798945712337799387419295820382453536209563377971912314359512962815660564204742591174542257176632152994659342950206325035103076392555640772486383049195617116602922978043008241792722161509406411853608420395961243593562082747638811878522269627456976029306525585465342924594564572155422837510052478176342988414607485835293993935020485016981815980659875870953941264060078057669152474312120510760551488732000,845741871624994530315208283563902131043191862571324338414038351366638223904798677832938470867362345868634656851377132077815865831914395627668583530359540464139272795930937068664693307238963228864034787596620548441610006080296465364934303026561731789792366891429761147321855329288351715581785153618708535131433105952066968061475283486148308739910101374266574915115810278416699554166029497865622136924435613192149792691396587699329973041056591846913930973517576327665391375697192250619456642524507196467938285719190867176668745806253522561436137212785514319088412228051881045825155350835763163678412025289467868362036270953842627112752814870050370959380355976992726950784861920312892760851550368911301399458571368666010259132517633405088525085162318113299082159451993224333393116302555299439079624745346518144932568013051377549721379250545420,5667868485184848580888476288947211168042584539148465499247351196318055688263457359148425301203043763965202354671145804087743883625627346910260499054694350205901786701961224517632788802208531885590888351648209339221338931550309689567901085186505712705935485713487344562820757398837632816171561791282507269018972648911583046763848427250273030211075376544056390384750711270313464861128747914588300592458315790520946403999336330476662463674438515982985826166347293080349487134977529066351745142637057421877886490267512683100486241552378764050940588759916432438100696464570907462572107082740267630841903036970411470824139016581154108564672220815516387068204653573872595919232085065032803760042443559362830811906385289383213545328685007565749064141034592563383204692512462894883397680283380725461461547272008297660461241751408514959017030283927303650675,403410032974382865057273683970315487479015081803607409852825714158453008051738236204986381117410114171538926226098760839644837690374988185569711103864234574982079030706162954041594619352507060929850182901440675716211378315725115087448075481134513471004598615057196596317978970759718470307542876317115676457970110218926080601109861863473559964220317657916484775463491540606241630685220349636964137381618092949647283974051729331339087189302343698702373403104883862728991227183841074448298816829590079934507173590790753985294808963404556275615972330335776947297932640075659072403099503641939986582851550046780742756065142955571481749226264023328010093265772477615286070210955276347445130207415980468177331300873344688397607983433973460487573592152492411267109337377593497398039691204958204683952903331129778070940188494481815011212222810668936275,253481709173155283522453329368878325840927607404189477672851818748352172010441725199330373152138389120867408845543573008610941899774599439448717051939615023065367058741996218363680816641133582847479478786119003431382449361142184376423582881606863465729293402777518549356790438244608694427381641052581769002039435089383533001198337728423191580212892715016233637957003401811469032933037662330316946373497387503704357430635473840174195375967721097062266666259518319486010356680494878468088673199382311109862141345403335941957856204348090846968930704257186611186764346737497530062103769183067864022786067909466131354648534837796083127202613157311171036375469996044928711010247213461454042425324058209944029832641648485803313859520646462402832369852174381061672601569421922389934637707255984334002777545481067921146652653588495427714214814166800,2894119198839514499880743047306278960235915139890742380730816862907199319361816943331736776587130469181693045445216372936150997686197711095331968700830481420927382865129936736847883673460065565546395354297238110780498895605183819415148327369385077862607134613205137793982778247630675353649563561401132037259710296934625818704308646441693030329942487370218959326665295649600570234960269695632771156261239151879604480389494190615560219236957964537622484666778822198083187129401649716056636821947631689566712366689572729996306931076334409396017213822780444574569910181796058051430440643922792031733052862808527529099578624264831603376977698583904010565349253802748995149643400760965083599614802706910634095436769449311457114916327786962864973148773025933890834895768923295604636584843495872906103019482376656734516104054657607458346102800,19096200084423545145712049150175020600027734517693964874157277995794129588438832207214049237634183441692886607716503048061844772398092335553953307734480970924875498955404034856986831175268483167654772269762326535376559225527253962605743581967271438814844695000975563847988850509156128187535661125283546563575217779509179277450364612135742035658274397056190026108433762443971443129559639852977168741033510322226926646325660026282082873292337652421721569417421695501139695607043768255337092438934482212324970143472407428695457715674605053875252942459151465574662421692623268228810640806472957167248231521162570353356550440964235742560909546013781728353958602012089290621734751919342000669537111447701769371209022449965625349889188120527055743701162331468100504704390858718807530042879683092986601019019122783219564512,56292475108090649477126043416118379493115688803199530497683969846688472658765448889470912610322947726520053451206957207831322247571615775407230685434380793478578884112884418293191624331036831210774390437328291302490295681309104195577636066154866538118129494338853069893815896969739083990293158242933085954977686126413782667812724790519434215854212029849472589196977625102760628703520575612221492405000109835658972806289947473212675235264925256421735204328987209516559051382272655092849912881629449553996596155546469592146125852167927669039040380111918924188304466346144824386998374837625445672256800787513510730815333584151706655394266023188636560574820653035657683659793581251865984623703105321469019771574761729893027148392701594736320893352747618661546082737520950461395918342451909865096923944466138419987227406201917776,4622680504264998107559146168729518048795139081337475486017791907528638031706664040705419999641389347554933381703655699167586596830679666105018692811551612137766126454925872783387717312669159335886312943024988777183271698966408573423855329414666193844877532873726255029992046140587906789390007936822868109057728761295990989548698441305185818364186542796071068523247256130419848659746969674203216302091557483451011919172303601729189554949233653435020511983962133097284636054849143970187741371556976327390713409497961359353444287623314914187217920705014608984723378737828510984861177651969823854767849223275927725391490509177575307867689007456982161664247691078831066850118728000467572327443727521257808553060779040152408249082473595592025998993682721023379903640652888574608812616356809819329906723842188514122802608393566831761036200110082137675777406333423283142209893073257830389200"

def Y : List (List Int) := parseMatrix Y_str
def L_num : List (List Int) := parseMatrix L_num_str
def L_den : List Int := parseInts L_den_str
def D_num : List Int := parseInts D_num_str
def D_den : List Int := parseInts D_den_str
def scaleFactor : List Int := parseInts scaleFactor_str

def L_numA : Array (Array Int) := listListToArrayArray L_num
def D_numA : Array Int := D_num.toArray
def scaleFactorA : Array Int := scaleFactor.toArray
def Y_A : Array (Array Int) := listListToArrayArray Y

/-- The LDL^T entry-wise integer identity. Verified by `native_decide`. -/
theorem ldl_witness :
    ldlMatrix L_numA D_numA scaleFactorA dim
      = rhsMatrix Y_A scaleYFactor lambdaShift dim := by
  native_decide

end Davey2024.PentagonQCertificate.Block8
