import DaveyThesis2024.PentagonQCertificate.Common

/-!
# PentagonQCertificate Block 4 (SDPA block 9390, dim 22)

Auto-generated. Do NOT edit by hand.

Witnesses PSD of `Y_rat + (1 / 100000000000) · I` via the LDL^T
decomposition `L · diag(D) · Lᵀ = Y_rat + λI`. The identity is
expressed ENTRY-WISE over integers (per-column denominators kept
separate so individual coefficients stay small):

  ∀ i, j ∈ [0, 22) :
    Σ_k L_num[i][k] · D_num[k] · L_num[j][k] · scaleFactor[k]
      = scaleYFactor · Y[i][j] + lambdaShift · I[i][j]

* `L_num[i][k]` is `L[i][k] · L_den[k]` (column-scoped integer scaling).
* `D_num[k]` is `D[k] · D_den[k]`.
* `scaleFactor[k]` absorbs each column's denominator gap into the LHS.

This is the integer form of `L · diag(D) · Lᵀ = Y_rat + λI` over rationals.

* `Y_rat` was rationalised at precision 10^12 from `bounded_pentagon_alt.cert`.
* `λ = 1 / 10^11` was the smallest shift that makes the (rank-deficient)
  Y_rat strictly PD at this precision (see `scratch/slack_check_results.md`).
-/

namespace Davey2024.PentagonQCertificate.Block4

open Davey2024.PentagonQCertificate

def sdpaBlockIdx : Nat := 9390
def dim : Nat := 22
def scaleY : Nat := 1000000000000
def commonScale : Nat := 9547695125403867004882361751793837030978724522066546382371699582389306092091603242855415885579364884138099280560105299302830309285799801524317552959124683212103020292322897026525128422281337650407694476142000269458017450246765431621276941768041534217902359446759846003959563962327298843230393025817799127233305997220097099390917135543487830621129587954173026064040281830728054013520724832527411504836445675719908357189464231091861204878913665157079097692833868640669491068166170937950332342749751927777906909722338570569436151806728650882135986271641202049739876713645992064742715428151224401097557164772290586358615900299252683576377447546037617259214503067578178754333578829781091526908316800000000000000
def scaleYFactor : Int := 9547695125403867004882361751793837030978724522066546382371699582389306092091603242855415885579364884138099280560105299302830309285799801524317552959124683212103020292322897026525128422281337650407694476142000269458017450246765431621276941768041534217902359446759846003959563962327298843230393025817799127233305997220097099390917135543487830621129587954173026064040281830728054013520724832527411504836445675719908357189464231091861204878913665157079097692833868640669491068166170937950332342749751927777906909722338570569436151806728650882135986271641202049739876713645992064742715428151224401097557164772290586358615900299252683576377447546037617259214503067578178754333578829781091526908316800
def lambdaShift : Int := 95476951254038670048823617517938370309787245220665463823716995823893060920916032428554158855793648841380992805601052993028303092857998015243175529591246832121030202923228970265251284222813376504076944761420002694580174502467654316212769417680415342179023594467598460039595639623272988432303930258177991272333059972200970993909171355434878306211295879541730260640402818307280540135207248325274115048364456757199083571894642310918612048789136651570790976928338686406694910681661709379503323427497519277779069097223385705694361518067286508821359862716412020497398767136459920647427154281512244010975571647722905863586159002992526835763774475460376172592145030675781787543335788297810915269083168000
def lambdaNumer : Int := 1
def lambdaDenom : Nat := 100000000000

def Y_str : String :=
  "136922,104782,-32140,104782,-32140,72641,-64280,-13501,-13501,-27001,-13501,-27001,-27001,-40502,104782,-32140,72641,-64280,72641,-64280,40502,-96420;104782,201679,96896,33420,-71361,130317,25536,-19652,-19652,-39305,-19652,-39305,-39305,-58957,33420,-71361,130317,25536,-37940,-142722,58957,-45825;-32140,96896,129037,-71361,-39221,57676,89816,-6152,-6152,-12303,-6152,-12303,-12303,-18455,-71361,-39221,57676,89816,-110582,-78442,18455,50595;104782,33420,-71361,201679,96896,130317,25536,-19652,-19652,-39305,-19652,-39305,-39305,-58957,33420,-71361,-37940,-142722,130317,25536,58957,-45825;-32140,-71361,-39221,96896,129037,57676,89816,-6152,-6152,-12303,-6152,-12303,-12303,-18455,-71361,-39221,-110582,-78442,57676,89816,18455,50595;72641,130317,57676,130317,57676,187995,115351,-25804,-25804,-51608,-25804,-51608,-51608,-77412,-37940,-110582,19735,-52906,19735,-52906,77412,4770;-64280,25536,89816,25536,89816,115351,179632,-12303,-12303,-24607,-12303,-24607,-24607,-36910,-142722,-78442,-52906,11374,-52906,11374,36910,101190;-13501,-19652,-6152,-19652,-6152,-25804,-12303,317771,-142907,174863,-142907,174863,-285815,31956,-19652,-6152,-25804,-12303,-25804,-12303,-31956,-18455;-13501,-19652,-6152,-19652,-6152,-25804,-12303,-142907,317771,174863,-142907,-285815,174863,31956,-19652,-6152,-25804,-12303,-25804,-12303,-31956,-18455;-27001,-39305,-12303,-39305,-12303,-51608,-24607,174863,174863,349726,-285815,-110952,-110952,63911,-39305,-12303,-51608,-24607,-51608,-24607,-63911,-36910;-13501,-19652,-6152,-19652,-6152,-25804,-12303,-142907,-142907,-285815,317771,174863,174863,31956,-19652,-6152,-25804,-12303,-25804,-12303,-31956,-18455;-27001,-39305,-12303,-39305,-12303,-51608,-24607,174863,-285815,-110952,174863,349726,-110952,63911,-39305,-12303,-51608,-24607,-51608,-24607,-63911,-36910;-27001,-39305,-12303,-39305,-12303,-51608,-24607,-285815,174863,-110952,174863,-110952,349726,63911,-39305,-12303,-51608,-24607,-51608,-24607,-63911,-36910;-40502,-58957,-18455,-58957,-18455,-77412,-36910,31956,31956,63911,31956,63911,63911,95867,-58957,-18455,-77412,-36910,-77412,-36910,-95867,-55365;104782,33420,-71361,33420,-71361,-37940,-142722,-19652,-19652,-39305,-19652,-39305,-39305,-58957,201679,96896,130317,25536,130317,25536,58957,-45825;-32140,-71361,-39221,-71361,-39221,-110582,-78442,-6152,-6152,-12303,-6152,-12303,-12303,-18455,96896,129037,57676,89816,57676,89816,18455,50595;72641,130317,57676,-37940,-110582,19735,-52906,-25804,-25804,-51608,-25804,-51608,-51608,-77412,130317,57676,187995,115351,19735,-52906,77412,4770;-64280,25536,89816,-142722,-78442,-52906,11374,-12303,-12303,-24607,-12303,-24607,-24607,-36910,25536,89816,115351,179632,-52906,11374,36910,101190;72641,-37940,-110582,130317,57676,19735,-52906,-25804,-25804,-51608,-25804,-51608,-51608,-77412,130317,57676,19735,-52906,187995,115351,77412,4770;-64280,-142722,-78442,25536,89816,-52906,11374,-12303,-12303,-24607,-12303,-24607,-24607,-36910,25536,89816,-52906,11374,115351,179632,36910,101190;40502,58957,18455,58957,18455,77412,36910,-31956,-31956,-63911,-31956,-63911,-63911,-95867,58957,18455,77412,36910,77412,36910,95867,55365;-96420,-45825,50595,-45825,50595,4770,101190,-18455,-18455,-36910,-18455,-36910,-36910,-55365,-45825,50595,4770,101190,4770,101190,55365,151785"
def L_num_str : String :=
  "136932,0,0,0,0,0,0,0,0,0,0,0,0,0,0,0,0,0,0,0,0,0;104782,8319205312,0,0,0,0,0,0,0,0,0,0,0,0,0,0,0,0,0,0,0,0;-32140,8317928276,133092337564,0,0,0,0,0,0,0,0,0,0,0,0,0,0,0,0,0,0,0;104782,-3201500042,-57527553470,27552150994385170,0,0,0,0,0,0,0,0,0,0,0,0,0,0,0,0,0,0;-32140,-3201955486,-20098414778,27547539960723830,162367346141158662,0,0,0,0,0,0,0,0,0,0,0,0,0,0,0,0,0;72641,5116549091,25650983113,27548226851069371,79197709745645343,1001661991059,0,0,0,0,0,0,0,0,0,0,0,0,0,0,0,0;-64280,5116041256,67238932088,27546642993380936,118796060291879448,360394306884,7116760524366,0,0,0,0,0,0,0,0,0,0,0,0,0,0,0;-13501,-638162941,-6009930519,-3436037634543661,-12554466145368365,-57443727619,-2758306784,3353325587230503746,0,0,0,0,0,0,0,0,0,0,0,0,0,0;-13501,-638162941,-6009930519,-3436037634543661,-12554466145368365,-57443727619,-2758306784,-1564583671443181966,206012983925057424046160,0,0,0,0,0,0,0,0,0,0,0,0,0;-27001,-1276446739,457516039,-6872380837835519,-13228144964205405,-111476116011,-478481967768,1788625832545065138,205999614385880242073736,42212305046722655691,0,0,0,0,0,0,0,0,0,0,0,0;-13501,-638162941,-6009930519,-3436037634543661,-12554466145368365,-57443727619,-2758306784,-1564583671443181966,-180196230607454153388152,-26693053163141003922,2436454695627121487153100,0,0,0,0,0,0,0,0,0,0,0;-27001,-1276446739,457516039,-6872380837835519,-13228144964205405,-111476116011,-478481967768,1788625832545065138,-180201216832663259101211,-11311006228911250116,2435867953052616883262685,553986834011062090885295,0,0,0,0,0,0,0,0,0,0;-27001,-1276446739,457516039,-6872380837835519,-13228144964205405,-111476116011,-478481967768,-3129176674720755084,25807295237604696640499,-11311006228911250116,2435867953052616883262685,147911051406541843026445,6094344853068488295,0,0,0,0,0,0,0,0,0;-40502,-1914609680,-5552414480,-10308418472379180,-25782611109573770,-168919843630,-481240274552,224042161101883172,25803383778426088685584,2103687515176738419,2435765642045022850556970,276947527594565326228940,2404642861064888395,19566962934486874080,0,0,0,0,0,0,0,0;104782,-3201500042,-57527553470,-17238478104728262,-89053642245479684,-190339768858,-3120425430464,-224032439544863800,-25802264127261053573600,-5386008857309535855,-2435725260597026026720866,-308518690448650387463212,-2678764721014225571,-6830091548974320966,11491704072824881718,0,0,0,0,0,0,0;-32140,-3201955486,-20098414778,-17239894922288066,-53415124197705588,-273344796264,-1294219250018,-224036514316410888,-25802733426849674792736,-2632522505611486151,-2435714774042003823923570,-282029476534663568475340,-2448767725963459595,-7289811528858274150,2610895666268281702,1627267968106142099404,0,0,0,0,0,0;72641,5116549091,25650983113,-17239208031942525,-81480458604448567,-58462823225,-1375677624829,-224038593720974618,-25802972916032088704296,-3558842706986784651,-2435755811812864511857698,-290944857271769673532436,-2526176998504581613,-7135272846939470628,3080526687588094548,293771408491955292216,52660413548311613301889444881,0,0,0,0,0;-64280,5116041256,67238932088,-17241058074306088,-36372600066069696,-69839353692,534658642586,-224030892076437627,-25802085902227474376844,-5108874598560186274,-2435702922790630104323344,-305850347929588562250908,-2655596394345748639,-6876294137037659189,1363799072940531629,500958602396013328907,7944870250138511914285866043,6861540148008079118291,0,0,0,0;72641,-6403334671,-85943742669,10309482479850705,10289762471622635,-58462823225,-1375677624829,-224038593720974618,-25802972916032088704296,-3558842706986784651,-2435755811812864511857698,-290944857271769673532436,-2526176998504581613,-7135272846939470628,3080526687588094548,293771408491955292216,-2922215865453148828721269411,-697948119941317849064,113314163437174004859548,0,0,0;-64280,-6403910972,-40196829556,10307911223110892,48338411962537968,-69839353692,534658642586,-224030892076437627,-25802085902227474376844,-5108874598560186274,-2435702922790630104323344,-305850347929588562250908,-2655596394345748639,-6876294137037659189,1363799072940531629,500958602396013328907,-5334382471970984283003350691,527931072615864757275,17488057584481879337182,906193505047878,0,0;40502,1914609680,5552414480,10308418472379180,25782611109573770,168919843630,481240274552,-224042161101883172,-25803383778426088685584,-2103687515176738419,-2435765642045022850556970,-276947527594565326228940,-2404642861064888395,-7378273228349897490,2276697182991440322,303295562875469060814,6869009233453167057621608966,838964854875777777454,17102681456861577472034,114139483905294,574197908098112,0;-96420,1914085770,47140517310,10306748071092870,65380936094173860,133666088880,2363536535190,-224035944977250915,-25802667854919942382380,-3560731505850797355,-2435727052992658772916030,-290959996270301080890960,-2526308445371280180,-7134866209989941055,-37399208787772825,456981857070239950545,1678127720929631365191220095,1811285871303134695665,6674623432133770089235,223901392025305,83461748683495,1"
def L_den_str : String :=
  "136932,8319205312,133092337564,27552150994385170,162367346141158662,1001661991059,7116760524366,3353325587230503746,206012983925057424046160,42212305046722655691,2436454695627121487153100,553986834011062090885295,6094344853068488295,19566962934486874080,11491704072824881718,1627267968106142099404,52660413548311613301889444881,6861540148008079118291,113314163437174004859548,906193505047878,574197908098112,1"
def D_num_str : String :=
  "34233,129987583,33273084391,2755215099438517,81183673070579331,333887330353,3558380262183,1676662793615251873,2575162299063217800577,14070768348907551897,8121515652090404957177,51042463330543623443062071297,561512213989230078641097,40764506113514321,5745852036412440859,406816992026535524851,52660413548311613301889444881,6436476113779499334777475983311,28328540859293501214887,425027961936215810679519,8971842314033,13975355706871057"
def D_den_str : String :=
  "250000000000,1069781250000000,1039900664000000000000,26618467512800000000000,2755215099438517000000000000,15538859420000000000000,166943665176500000000000,5337570393274500000000000,10479142460095324206250000000,447185478946830445000000000000,140707683489075518970000000000,1870742401365112239455978888000000000000,22159473360442483635411800000000000,2539310355445203456250000000,326116048908114568000000000000,25856334163855983865500000000000,3148798504546699244401877186000000000000,421283308386492906415115559048000000000000,1715385037002019779572750000000000,28328540859293501214887000000000000,786626306465171875000000,1033556234576601600000000000"
def scaleFactor_str : String :=
  "2036801148833289875398555546443381877609927230226237317761733583004938172601855220145179315467744676461870677020867571917504162617179100925438238471377417296515700496155195134542330666010840478837770211161644649661660494635035138194761231059370873059168354039375136847725093820477303138043576626857290156695780020295792303906784937618312332611727532771014444681052069065425534982908556160654871368456372427496544531005255233180876588189752375591419414064191425029179620866433010667607163889021974655297475843853360760937469922316511004583038517063583067073182636226556943130911661273905833051586944753353994056893493745065799964568507328784494372032318604884399267766644375318688832800,128955501872133967081039246377158341729220167681391476239516436635568276258724627185965625702226234085720729942489991225791565632257900275934787527764013298742993961932128473428469869503356248921411415863612184864167419564048164950775280239665042269506699537645951312919448479381456700643557748883229327056971989556498821457378058221593606126887516443641290000783427945369482238303364067355152240958202162808311353960344905495116541774651832488548460312196858373518694237472726422824529917853931896052678189742604444198887652770978042369684429592226548555578816069393655131372543409124648231226186434069186060673196916614857886697653933913746022885406962625354536682499425,518323120501969075176394127957619576999768808141347677109031968765981573611670761746713642374835238917079632238559046402395672837986257668382391493243100213091445209152870295503841532292995355036656217469023639046160418519593351698864211076583502841528454946017026092353968583896283829963525238729593385820523311131096262239265702597248535728724625544438693048184305614421774461307064513892105780444574107664822096539926530201571038270010528752959542603773366305042956486683757670668750575891666708883942053501217911292037430135008791934015984317279599977075713722737022655666476890523438147146834577294199024257893827402522537167631524837542740379426609259631575,472502895881007577241963156615560456006627288162282695317839552813046481988498251224144912135214308599274277556572108503021846597013359696464102016080009397314010078445783750770376327312566939681672524575298106130222581449110441475451599480025704641671168286237096172758030736011099602017862186834925771110259184590546915320354266799993529545369089501326367476510395655115883570215897497973542622334514805751178326600751716842583047476974434241979806859590966101208434146835985828613102217006147628652728680048283727453250027908314702018772056544513322767512697209010454456058597509856875014741960668763674300429701774734708529074566575929263843966040,131445477480957768635213108099913979567956238261038625471675432560735418706790917854487570622045811332075420671471515353151777518889155073404457391082638006568873691088026180205434897740478020586895963370916463071430602191932764150698905597246047620633926070777601492207026516846776948529083545336017391994627737807482708139439667481900500612217268672185211783000569530188845837205093052684077010890426764025731498690187181774175876296170394129222368655663454330559385815173409880421141709352930189440228322501899309143603022568077074988674852181559652849140978293154319388515685212309936901916797623498765707467413462765725338228679624416861600,612402586554617154281434164517249013880543453508644814721708911060559941200358889458304693215581671832744468557138305612334596283459737008889671205493618482045434925502880299743651815533501681480315800980109031554610461721506311000695109969978985637066418232167606793044750876885409610407205814124863961075729599422770866261457060395857300102515512560628598865487223839948604988610442565248813171860639463365447957031134731228982025442640801647559725024072733146371717386521472853026483545708615385004847973248654158654160909329513718375539122488842161398315708729852815515987509666113579544395914970678786428958320014838798385489279426242123612265406119023840,1129181863927546357779679433652394071521987205336995818187619165509087877160851643020711248148562248971213937604382299789909359284382838086490227311448984774376238446152813267596200011694695511882135803367313530275194028837685857268613796608359972875805026169553167895256283034263828775765723803144252612597666158279315497096192205072536499827223125088783755728597986673763381222486961774309483778802669044871223842480687641197018302375535695037031605986401243454967432262129447808815922193337987151135153139009970705855948221412471207243151986110536828777921460312029567639548218066663412344207119955871076417375662072672856591476462458381150656958080155200,159075567602669915647818227321019165247846728671730505397119146288002129317029232526833812929150152428218469815694726562156766288896052950749589378503776659553513178407934001450940412031428944004665908695554110308142441057431665304158622409363327409111457826012972629183571681069531045387142797592261444308306464684297392298987906395750946188225179857146946042067175988992736545373129061921518989690403710139243567355192060952228921978543235594060214694258846136161129903220230945146282934270653722516408862689486372011803935756921983434455622769501688361915099655023486825903674420028888727543754516880898711103617569538395775708892117750830400,21467605862693112425546461804955422595252092137797008736017009113955133025791882147724945741191111720562993615458228135036077416901011866820635094902370852698048601467326453424243276982301630618196412781952673312042510658011386275335008392284619201333375077691708444441645085460407599137773260977390441335206010465387024313532607090163063484858504448235367207089184483931192776982788753944047560085974594349294943508721406426099650438156897262755966128949178835610454141749376552593320698094490174900362066788802288012907440867794498328432333024259268469197146561348107815698750897460853965845725626217307377047747153408677314055760,11982093779047487301153456913755893986655614202214685333589682703342716236392567824776518586965483805956551883688443564803946599883894932593325140837487245904764615560122718256933316278772280360600622311255770240410115644775009147054117693670661123443745026186878862321078743961932406750543101688347975407981869953522957861656166062083547366922969375820610639790479700573471596818691548185226563411961980912805884745978146303738166609657138250873372622161289963235237064712236421202429778216402928319102141211316600695739930168431646246853941295695367152635941760015822036596193560612484646347966515900039622946299463136247512247133799040,11430468966323256853596259396176270663157500549065893652960346311253267176136325056268761177782675479331574923875259377710151470989336404044885545561392127735212653983454799382666037102612911631023197894086870780970007736128336034565730162636129177760730344261930161368632545849726755444091647229620939688765105880272067970798267225556797531489122403536638147306163638400079576815586315424364523396885603051034610839726314880493673444881156052533966028848958196317064537279827577356868547206571708920193224404528356270074989582537031714889263842359598645705925126462597867806948685897523654778306540910469076561555011349654646304,16629747916984621877613662798591048187308587987575425735346115232187052123409269373867148623038927874755177414895958453075897294365112190942199288125535508658564580528934811329064042963931774438813818287651809532474113967987817284991988873053524519129576641617245116608409197815708547265636195981119932815258806095807059373619852485579309617329848527041498613910206493896534575730133159138732497275259529616355933970651773294327847739314926656314002088488529594564330107632842399415744345973690349152283819585460097103665475853297602235197480387205129508792273618271377355334425823318510037875875554875285069312659502224,11600723004213873196367849326997962895387589001427758378150265241290834983299502226673880970767439946283902406036035874345529297262766076486141611494314057187843927098972910331760444842832759800489970190795770178466807165421765969116492414738351958854149612931452658208847835848117117931691660787254041148719354361921521125170338060363987261162883868460854615028526092935176355424539134784718262157199303914023556432253220386651676317566818391280993953063947211100694467311991448806571637375396705285112019670981676707169293353829542148777544365440415720069418611714817538715122159019391555153735752676819188580294276115223905459283840,9820552334361364031501912206359991982001722005966521493735770777287945479075618446882149565638623885983835779091043622342149919566407457227478591235322067506750436432645798469155837754959568429457835524428203742569784579264468789117412155466058477421913763483714808845771225422316145227206496283077058984807819599888613055580920908734590223049502453451604738557479371822335646433767566051177977480292364528666923578449184414530533554523716505565152859756639434623189545242187280652229668826633834210853423269401805982008577398493297801892565861406150434075211067290577651344743306053005171429565373565765690164313527856385845971622738237140,221695819257354162192318305546596712590571083211017947448448667765938534417602141242411464828070451258152360820280114918476117508218610436225683959350009395443573840233093264056628313430453449002042165917063284917519456360622488860939294832895986844024442193808853420143398003338268966814522455199091822286040984142594437596988807502764099342409939317054553000502388484138865503296384643391385273206999238046400909231761711976745801249236618687675447861209938530985158665602170361249177949921314008059955604933669729655615356145694619374919604278567544645755060664686821206635827116678484165033547296631398901906513634539075186876260264900,139448369145040856736695806814849754869862425709989050133516217318932517432892491492387667900320396234280629811559811263039304126652187033798476884963172815007548590356242959536964599078194116684011210710239531629200953023102580305096561836218253313691165663896732391038788025227692764670483856876786274945331200165843806288729899066956682416031164869042369297083458808753120262112923650712383630668541973220186610848893808254703648178817376649314874426685604056422116249006983225127829409258632195840905690791532097848783883722100759373323634804129977002458245101281815831904868945679450670273054395606510851976993253429313528551600,1093415287331222300146264084179844916210387389893449911501319299816870051948834034549743857591643751962029212307547584576395174083613946871015429626155212299011115781305162983846356706804925663872991828859093535760480332610511860505984612164364155684352055509367787557170469213501433562841118119174411994396060916823434255248748980137259560468049082670379390996719043715243028788055316315513707595349542667284741824808570531824581698504512039113849200410111190361670840612561477289049314792202073233261018683857495130777403235094379831758929531198188306205995864433859821563439762922499749343420864265303860800,481372274632111916596340754092708796994052064782736139144586862117622141478425289211877257776863975404782574011771847416740533327908475039133200469067132789920276489227154737143112278786955703919115519062949578085471968963120860719804889378352897629416628704224035512392873058261682527738894336603555037895778939134385383738350415075906356737690578731243184109528999035270165167254106545338250580888202911015491906806417998199893481890706347722745732089600849018017832060725265788091656091789042270833741026438967738369024554113167112215504385009617087644949162316557714987123979492747974519085914083742416394976516483600,433479467848098019447437236550058927633694938000727249607504275176191875753041414988219367907387354514743897482313420012283336913026759972334499176204822930700578614106146753188792259956728776686286648906857154456726307736433892439377237696546829390346647310408094143469074555858657701550044561492695243053540715696161449119696031926365498499085043155717575375837274851658799813765469286643767327998522313577044661056593441736147165559230832933090122849415805114935047100332784338843417759289825506103193760721612508285745429741927045383106313417541269535582427489981505431272285818432209319957208526996556925574841460525064800,410423714836105727989938142535581064866838110577010955274491381225744234062512803993769981720042823007671013428628816128464702676962135546395893896453471665025422012300601233655669938330583857746274880623607041098125710353375660158935969322594888487601331192496975208402561353320608813023684693964646488967336405840788248124645894755317755725347044848133261714287364748862509698242728092058608915196950487608408679867840594979410379795622534658024555957734408935333395765480667749505793781078811413347014852989666082762144469372098357758646506168177311550794563357345744088871302391443635669478961509843944002787677895066689000870258896869600,36813479263649957160161964375570994863573482456451025804881705348285419655158835383628193429079416490852874602267157418517795510457651175781669522041750084611729661864476232103181930172151408578473172286021465735061238727548443541129482041939948629766626613249322988229420996569911376543553493443730285976251498728763914838400549246634129824865075550269713815737019570651731236702861668107501840350422443389403834938373618694453163901917907954560906773158807683437378645973864887682475500156953404202949293900502985247959856202030995431627396451489073416217774017268493723576632376491636539825720489968584920458078411455048698132876512044981749274358550,9237712285016692493774925877110257679850196295611173719656770835903313391728248524001918043137864269701591991043358976750213142168773473247489790910655833545437654068360902548106272305256284748180651271932088851413129715765221320800920353057555625146905063220831147831601362865747489122744535254441417948300989399248332849010022629762156092093255920319333406679873142350629479476508102566585338937619172357240499586913449534162673476711342131199178163629534859742153017370378662606336911589926822081330078276816900615812616103564800234547186203079259218958292388614768170922420854408208120658442762254309174204162692089669421668222113827020366682067874636418235134747550592354250"

def Y : List (List Int) := parseMatrix Y_str
def L_num : List (List Int) := parseMatrix L_num_str
def L_den : List Int := parseInts L_den_str
def D_num : List Int := parseInts D_num_str
def D_den : List Int := parseInts D_den_str
def scaleFactor : List Int := parseInts scaleFactor_str

def L_numA : Array (Array Int) := listListToArrayArray L_num
def D_numA : Array Int := D_num.toArray
def scaleFactorA : Array Int := scaleFactor.toArray
def Y_A : Array (Array Int) := listListToArrayArray Y

/-- The LDL^T entry-wise integer identity. Verified by `native_decide`. -/
theorem ldl_witness :
    ldlMatrix L_numA D_numA scaleFactorA dim
      = rhsMatrix Y_A scaleYFactor lambdaShift dim := by
  native_decide

end Davey2024.PentagonQCertificate.Block4
